c,p,vb,debt,debt_diff,abs_debt_diff,debt_per_diff,abs_debt_per_diff,count,time
5.0,23.586033603360335,46.51201888519773,82.17144170323219,11.413340893151187,11.413340893151187,0.16130083711242166,0.16130083711242166,1,75541752
5.0,23.586033603360335,48.4223039250121,82.287247112778,11.529146302697,11.529146302697,0.16293747529547073,0.16293747529547073,1,75541752
5.0,23.586033603360335,50.33258896482646,82.36344899932975,11.605348189248744,11.605348189248744,0.16401441045454565,0.16401441045454565,1,75541752
5.0,23.586033603360335,52.24287400464083,82.41150021505803,11.653399404977023,11.653399404977023,0.16469350182610817,0.16469350182610817,1,75541752
5.0,23.586033603360335,54.1531590444552,82.43591194939881,11.67781113931781,11.67781113931781,0.16503850450511323,0.16503850450511323,1,75541752
5.0,23.586033603360335,56.06344408426956,82.4466175601724,11.688516750091395,11.688516750091395,0.16518980323488439,0.16518980323488439,1,75541752
5.0,23.586033603360335,57.97372912408393,82.43605274440404,11.677951934323033,11.677951934323033,0.1650404943126916,0.1650404943126916,1,75541752
5.0,23.586033603360335,59.8840141638983,82.41351916016312,11.655418350082115,11.655418350082115,0.1647220348856728,0.1647220348856728,1,75541752
5.0,23.586033603360335,61.79429920371267,82.37300576166233,11.614904951581323,11.614904951581323,0.1641494729028472,0.1641494729028472,1,75541752
5.0,23.586033603360335,63.70458424352704,82.31021972916786,11.552118919086851,11.552118919086851,0.16326213941345646,0.16326213941345646,1,75541752
5.0,23.586033603360335,65.6148692833414,82.2298167578861,11.471715947805095,11.471715947805095,0.16212583176300718,0.16212583176300718,1,75541752
5.0,23.586033603360335,67.52515432315576,82.1155305344292,11.357429724348194,11.357429724348194,0.16051066371654346,0.16051066371654346,1,75541752
5.0,23.586033603360335,69.43543936297013,81.97189895763032,11.213798147549312,11.213798147549312,0.15848076784378118,0.15848076784378118,1,75541752
5.0,23.586033603360335,71.3457244027845,81.76339108113444,11.00529027105344,11.00529027105344,0.15553399745129254,0.15553399745129254,1,75541752
5.0,23.586033603360335,73.25600944259887,81.45969172665527,10.701590916574261,10.701590916574261,0.15124191850906193,0.15124191850906193,1,75541752
5.0,23.586033603360335,75.16629448241324,81.03746517662991,10.279364366548904,10.279364366548904,0.14527473531460852,0.14527473531460852,1,75541752
5.0,23.586033603360335,77.0765795222276,80.7029020570414,9.944801246960395,9.944801246960395,0.1405464693527154,0.1405464693527154,1,75541752
5.0,23.586033603360335,78.98686456204197,80.16522163914854,9.407120829067537,9.407120829067537,0.1329476161933291,0.1329476161933291,1,75541752
5.0,23.586033603360335,80.89714960185633,79.48500180208035,8.726900991999344,8.726900991999344,0.12333430225074682,0.12333430225074682,1,75541752
5.0,23.586033603360335,82.8074346416707,78.63089176706576,7.872790956984758,7.872790956984758,0.11126345770805526,0.11126345770805526,1,75541752
5.0,23.586033603360335,84.71771968148506,77.60301658988193,6.844915779800928,6.844915779800928,0.09673684993571398,0.09673684993571398,1,75541752
5.0,23.586033603360335,86.62800472129943,76.42777302708859,5.669672217007587,5.669672217007587,0.0801275352517633,0.0801275352517633,1,75541752
5.0,23.586033603360335,88.5382897611138,75.12084577074472,4.3627449606637185,4.3627449606637185,0.06165718003615711,0.06165718003615711,1,75541752
5.0,23.586033603360335,90.44857480092817,73.56101927163404,2.802918461553034,2.802918461553034,0.039612686455169785,0.039612686455169785,1,75541752
5.0,23.586033603360335,92.35885984074254,71.53511800651991,0.777017196438905,0.777017196438905,0.010981317863865027,0.010981317863865027,1,75541752
5.0,23.586033603360335,92.66469953401375,71.15569045859931,0.3975896485183057,0.3975896485183057,0.005618998305020371,0.005618998305020371,1,75541752
5.0,23.586033603360335,92.97053922728496,70.75943281735879,0.0013320072777815994,0.0013320072777815994,1.88248025672253e-5,1.88248025672253e-5,1,75541752
5.0,23.586033603360335,92.97160899760496,70.75801663044918,-8.417963182694166e-5,8.417963182694166e-5,-1.1896819002093463e-6,1.1896819002093463e-6,1,75541752
5.0,23.586033603360335,94.57498457382812,68.10244250157253,-2.655658308508478,2.655658308508478,-0.03753150915732496,0.03753150915732496,1,75541752
5.0,23.586033603360335,96.17942992037126,65.92158179336752,-4.836519016713481,4.836519016713481,-0.06835286647524626,0.06835286647524626,1,75541752
5.0,23.586033603360335,98.08971496018563,63.0820083966159,-7.676092413465106,7.676092413465106,-0.10848358457313884,0.10848358457313884,1,75541752
5.0,23.586033603360335,100.0,60.00000238418597,-10.758098425895035,10.758098425895035,-0.15204051978119676,0.15204051978119676,1,75541752
5.0,24.283484927440114,47.840041998515254,83.96722366047292,11.116768878152584,11.116768878152584,0.152597110222165,0.152597110222165,1,77262927
5.0,24.283484927440114,49.70289764142542,84.05568701483236,11.205232232512017,11.205232232512017,0.15381142459568214,0.15381142459568214,1,77262927
5.0,24.283484927440114,51.56575328433559,84.1091590304042,11.258704248083859,11.258704248083859,0.1545454215999784,0.1545454215999784,1,77262927
5.0,24.283484927440114,53.42860892724576,84.14083858532773,11.290383803007387,11.290383803007387,0.1549802789391424,0.1549802789391424,1,77262927
5.0,24.283484927440114,55.29146457015593,84.15001323063585,11.299558448315508,11.299558448315508,0.15510621700412133,0.15510621700412133,1,77262927
5.0,24.283484927440114,57.1543202130661,84.15211318509344,11.3016584027731,11.3016584027731,0.15513504255454333,0.15513504255454333,1,77262927
5.0,24.283484927440114,59.01717585597627,84.1273955648033,11.276940782482953,11.276940782482953,0.15479574995350184,0.15479574995350184,1,77262927
5.0,24.283484927440114,60.88003149888644,84.09461308166782,11.244158299347475,11.244158299347475,0.15434575299420444,0.15434575299420444,1,77262927
5.0,24.283484927440114,62.74288714179661,84.03763514636847,11.187180364048132,11.187180364048132,0.15356363110533505,0.15356363110533505,1,77262927
5.0,24.283484927440114,64.60574278470678,83.95795987884807,11.107505096527731,11.107505096527731,0.1524699486052261,0.1524699486052261,1,77262927
5.0,24.283484927440114,66.46859842761695,83.86103828187909,11.010583499558749,11.010583499558749,0.1511395300476675,0.1511395300476675,1,77262927
5.0,24.283484927440114,68.33145407052712,83.72253705215333,10.872082269832987,10.872082269832987,0.1492383582548543,0.1492383582548543,1,77262927
5.0,24.283484927440114,70.19430971343729,83.553323904554,10.702869122233665,10.702869122233665,0.14691561163501593,0.14691561163501593,1,77262927
5.0,24.283484927440114,72.05716535634747,83.31499782710397,10.464543044783625,10.464543044783625,0.14364416908654912,0.14364416908654912,1,77262927
5.0,24.283484927440114,73.92002099925763,82.97379999353046,10.123345211210122,10.123345211210122,0.1389606316317314,0.1389606316317314,1,77262927
5.0,24.283484927440114,75.78287664216779,82.6323457658343,9.78189098351396,9.78189098351396,0.13427357471882073,0.13427357471882073,1,77262927
5.0,24.283484927440114,77.64573228507797,82.15617704230645,9.305722259986112,9.305722259986112,0.1277373255636074,0.1277373255636074,1,77262927
5.0,24.283484927440114,79.50858792798815,81.56052029596832,8.710065513647976,8.710065513647976,0.1195608941587798,0.1195608941587798,1,77262927
5.0,24.283484927440114,81.37144357089831,80.81127873487694,7.960823952556595,7.960823952556595,0.10927624235625996,0.10927624235625996,1,77262927
5.0,24.283484927440114,83.23429921380847,79.8832794533281,7.032824671007759,7.032824671007759,0.09653782796582507,0.09653782796582507,1,77262927
5.0,24.283484927440114,85.09715485671865,78.78359648391861,5.933141701598274,5.933141701598274,0.08144275446634759,0.08144275446634759,1,77262927
5.0,24.283484927440114,86.96001049962882,77.53250521585922,4.682050433538876,4.682050433538876,0.06426933706219136,0.06426933706219136,1,77262927
5.0,24.283484927440114,88.82286614253898,76.13158399276384,3.2811292104434955,3.2811292104434955,0.04503924128198818,0.04503924128198818,1,77262927
5.0,24.283484927440114,90.45245266915278,74.67199672927674,1.8215419469564011,1.8215419469564011,0.02500385141587971,0.02500385141587971,1,77262927
5.0,24.283484927440114,92.08203919576657,72.85248497171975,0.002030189399405913,0.002030189399405913,2.7867902890547334e-5,2.7867902890547334e-5,1,77262927
5.0,24.283484927440114,92.08360401015476,72.8505283183765,7.353605616344794e-5,7.353605616344794e-5,1.0094110789448906e-6,1.0094110789448906e-6,1,77262927
5.0,24.283484927440114,92.31530831206294,72.55598905867042,-0.2944657236499211,0.2944657236499211,-0.004042057452212135,0.004042057452212135,1,77262927
5.0,24.283484927440114,92.54857742835932,72.24962711775393,-0.6008276645664097,0.6008276645664097,-0.008247411308024135,0.008247411308024135,1,77262927
5.0,24.283484927440114,94.4114330712695,69.06023845915071,-3.7902163231696306,3.7902163231696306,-0.05202735294508356,0.05202735294508356,1,77262927
5.0,24.283484927440114,96.27428871417966,66.3109577572531,-6.539497025067234,6.539497025067234,-0.08976604256771596,0.08976604256771596,1,77262927
5.0,24.283484927440114,98.13714435708982,63.282335538356946,-9.568119243963395,9.568119243963395,-0.13133918343479478,0.13133918343479478,1,77262927
5.0,24.283484927440114,100.0,60.00000238418597,-12.850452398134372,12.850452398134372,-0.17639495095167168,0.17639495095167168,1,77262927
5.0,24.98093625151989,49.16853434408983,85.71598931332908,10.773180558769411,10.773180558769411,0.14375202554860142,0.14375202554860142,1,77307241
5.0,24.98093625151989,50.9839438318009,85.78236315040523,10.839554395845568,10.839554395845568,0.14463768540281816,0.14463768540281816,1,77307241
5.0,24.98093625151989,52.79935331951198,85.81783822043431,10.875029465874647,10.875029465874647,0.1451110472986241,0.1451110472986241,1,77307241
5.0,24.98093625151989,54.61476280722306,85.83416139286622,10.891352638306557,10.891352638306557,0.1453288556874899,0.1453288556874899,1,77307241
5.0,24.98093625151989,56.43017229493414,85.82978662628271,10.886977871723047,10.886977871723047,0.14527048095272602,0.14527048095272602,1,77307241
5.0,24.98093625151989,58.24558178264522,85.82225825848442,10.87944950392476,10.87944950392476,0.14517002611358404,0.14517002611358404,1,77307241
5.0,24.98093625151989,60.0609912703563,85.78166775045074,10.838858995891073,10.838858995891073,0.14462840632766671,0.14462840632766671,1,77307241
5.0,24.98093625151989,61.876400758067376,85.73891983814796,10.7961110835883,10.7961110835883,0.144057999199709,0.144057999199709,1,77307241
5.0,24.98093625151989,63.69181024577845,85.66238531513716,10.719576560577494,10.719576560577494,0.14303676014712077,0.14303676014712077,1,77307241
5.0,24.98093625151989,65.50721973348952,85.56647939904414,10.623670644484477,10.623670644484477,0.1417570387477386,0.1417570387477386,1,77307241
5.0,24.98093625151989,67.3226292212006,85.45277930932582,10.509970554766156,10.509970554766156,0.14023988064267354,0.14023988064267354,1,77307241
5.0,24.98093625151989,69.13803870891168,85.28526195557507,10.342453201015402,10.342453201015402,0.13800461142158818,0.13800461142158818,1,77307241
5.0,24.98093625151989,70.95344819662276,85.08560096307643,10.142792208516767,10.142792208516767,0.1353404332860644,0.1353404332860644,1,77307241
5.0,24.98093625151989,72.76885768433384,84.81516395243558,9.872355197875919,9.872355197875919,0.1317318547561812,0.1317318547561812,1,77307241
5.0,24.98093625151989,74.58426717204492,84.45328108918403,9.510472334624367,9.510472334624367,0.1269030677215675,0.1269030677215675,1,77307241
5.0,24.98093625151989,76.399676659756,84.08193600142052,9.139127246860852,9.139127246860852,0.1219480214144604,0.1219480214144604,1,77307241
5.0,24.98093625151989,78.21508614746708,83.56014959351094,8.617340838951279,8.617340838951279,0.11498556008453557,0.11498556008453557,1,77307241
5.0,24.98093625151989,80.03049563517814,82.90336077349403,7.960552018934365,7.960552018934365,0.10622169293127848,0.10622169293127848,1,77307241
5.0,24.98093625151989,81.84590512288922,82.08267265017827,7.139863895618603,7.139863895618603,0.09527083404362263,0.09527083404362263,1,77307241
5.0,24.98093625151989,83.6613146106003,81.08120073047245,6.138391975912782,6.138391975912782,0.08190768504575578,0.08190768504575578,1,77307241
5.0,24.98093625151989,85.47672409831138,79.91014217917527,4.967333424615603,4.967333424615603,0.06628165540050407,0.06628165540050407,1,77307241
5.0,24.98093625151989,87.29213358602246,78.58332110431331,3.6405123497536493,3.6405123497536493,0.04857720720978654,0.04857720720978654,1,77307241
5.0,24.98093625151989,89.10754307373354,77.08497657674395,2.142167822184291,2.142167822184291,0.028584034382804706,0.028584034382804706,1,77307241
5.0,24.98093625151989,90.14536859382852,76.09177738862414,1.1489686340644738,1.1489686340644738,0.015331272648552398,0.015331272648552398,1,77307241
5.0,24.98093625151989,91.18319411392352,74.95389094513996,0.01108219058029647,0.01108219058029647,0.00014787530337421743,0.00014787530337421743,1,77307241
5.0,24.98093625151989,91.19234386923914,74.94312029518342,0.00031154062375549074,0.00031154062375549074,4.157044937771111e-6,4.157044937771111e-6,1,77307241
5.0,24.98093625151989,91.9607780815396,73.98784482374319,-0.9549639308164757,0.9549639308164757,-0.01274256925629804,0.01274256925629804,1,77307241
5.0,24.98093625151989,92.73836204915568,72.9120703018334,-2.0307384527262684,2.0307384527262684,-0.027097175652663463,0.027097175652663463,1,77307241
5.0,24.98093625151989,94.55377153686676,69.59102521545057,-5.351783539109093,5.351783539109093,-0.07141156874219076,0.07141156874219076,1,77307241
5.0,24.98093625151989,96.36918102457784,66.6754386965988,-8.26737005796086,8.26737005796086,-0.11031572201993108,0.11031572201993108,1,77307241
5.0,24.98093625151989,98.18459051228892,63.46907175086712,-11.473737003692541,11.473737003692541,-0.15309990637353124,0.15309990637353124,1,77307241
5.0,24.98093625151989,100.0,60.00000238418597,-14.942806370373695,14.942806370373695,-0.19938946269430483,0.19938946269430483,1,77307241
5.0,25.678387575599665,50.496834299153996,87.41764747697873,10.382484750179728,10.382484750179728,0.1347759176806135,0.1347759176806135,1,73829559
5.0,25.678387575599665,52.26480450275564,87.46317373124448,10.42801100444548,10.42801100444548,0.13536689785971961,0.13536689785971961,1,73829559
5.0,25.678387575599665,54.03277470635728,87.48919834299782,10.454035616198823,10.454035616198823,0.1357047255585542,0.1357047255585542,1,73829559
5.0,25.678387575599665,55.80074490995892,87.48790807860607,10.452745351807067,10.452745351807067,0.1356879765267344,0.1356879765267344,1,73829559
5.0,25.678387575599665,57.568715113560565,87.47352515109078,10.438362424291782,10.438362424291782,0.13550127052124059,0.13550127052124059,1,73829559
5.0,25.678387575599665,59.33668531716221,87.45372125002056,10.418558523221563,10.418558523221563,0.1352441943969199,0.1352441943969199,1,73829559
5.0,25.678387575599665,61.104655520763856,87.39773595645232,10.362573229653322,10.362573229653322,0.1345174445389779,0.1345174445389779,1,73829559
5.0,25.678387575599665,62.8726257243655,87.34674564436739,10.311582917568387,10.311582917568387,0.13385553496054592,0.13385553496054592,1,73829559
5.0,25.678387575599665,64.64059592796714,87.2472102158764,10.212047489077392,10.212047489077392,0.1325634570967788,0.1325634570967788,1,73829559
5.0,25.678387575599665,66.40856613156879,87.1366206450748,10.101457918275798,10.101457918275798,0.13112788447140777,0.13112788447140777,1,73829559
5.0,25.678387575599665,68.17653633517043,87.0074977407376,9.972335013938604,9.972335013938604,0.12945172906695798,0.12945172906695798,1,73829559
5.0,25.678387575599665,69.94450653877206,86.79969250922306,9.764529782424063,9.764529782424063,0.12675419168066712,0.12675419168066712,1,73829559
5.0,25.678387575599665,71.71247674237371,86.57192849401119,9.536765767212188,9.536765767212188,0.1237975676254986,0.1237975676254986,1,73829559
5.0,25.678387575599665,73.48044694597536,86.23457433857786,9.199411611778856,9.199411611778856,0.11941834463833181,0.11941834463833181,1,73829559
5.0,25.678387575599665,75.248417149577,85.93762267631816,8.902459949519155,8.902459949519155,0.11556358985170503,0.11556358985170503,1,73829559
5.0,25.678387575599665,77.01638735317863,85.47821885794416,8.443056131145156,8.443056131145156,0.10960002980830966,0.10960002980830966,1,73829559
5.0,25.678387575599665,78.78435755678028,84.90841217163872,7.873249444839715,7.873249444839715,0.10220332074538174,0.10220332074538174,1,73829559
5.0,25.678387575599665,80.55232776038193,84.18988236689539,7.154719640096388,7.154719640096388,0.09287602423156048,0.09287602423156048,1,73829559
5.0,25.678387575599665,82.32029796398356,83.2961812181992,6.261018491400193,6.261018491400193,0.08127481360173865,0.08127481360173865,1,73829559
5.0,25.678387575599665,84.08826816758521,82.22229159339035,5.187128866591351,5.187128866591351,0.06733456103659079,0.06733456103659079,1,73829559
5.0,25.678387575599665,85.85623837118686,80.9803821870385,3.9452194602394997,3.9452194602394997,0.05121322939539967,0.05121322939539967,1,73829559
5.0,25.678387575599665,87.6242085747885,79.57782106840594,2.5426583416069377,2.5426583416069377,0.033006464211990265,0.033006464211990265,1,73829559
5.0,25.678387575599665,89.39217877839015,77.9774354126081,0.9422726858091011,0.9422726858091011,0.012231721884599889,0.012231721884599889,1,73829559
5.0,25.678387575599665,89.83705756951034,77.5243667062416,0.48920397944259264,0.48920397944259264,0.006350398469041051,0.006350398469041051,1,73829559
5.0,25.678387575599665,90.28193636063052,77.04520514481922,0.010042418020219657,0.010042418020219657,0.00013036148253278237,0.00013036148253278237,1,73829559
5.0,25.678387575599665,90.29084701956327,77.03532249144666,0.0001597646476625414,0.0001597646476625414,2.0739184809557423e-6,2.0739184809557423e-6,1,73829559
5.0,25.678387575599665,91.60502777311197,75.44030702146019,-1.5948557053388157,1.5948557053388157,-0.020702957570101908,0.020702957570101908,1,73829559
5.0,25.678387575599665,92.92811918559343,73.51958253974914,-3.5155801870498635,3.5155801870498635,-0.04563604544482728,0.04563604544482728,1,73829559
5.0,25.678387575599665,94.69608938919507,70.0879151667604,-6.947247560038605,6.947247560038605,-0.09018281151266778,0.09018281151266778,1,73829559
5.0,25.678387575599665,96.46405959279672,67.01488051421265,-10.020282212586352,10.020282212586352,-0.13007413573101334,0.13007413573101334,1,73829559
5.0,25.678387575599665,98.23202979639836,63.64221089010428,-13.39295183669472,13.39295183669472,-0.1738550470022643,0.1738550470022643,1,73829559
5.0,25.678387575599665,100.0,60.00000238418597,-17.035160342613032,17.035160342613032,-0.2211348654253811,0.2211348654253811,1,73829559
5.0,26.37583889967944,51.82525269411929,89.05974958567943,9.932232886641103,9.932232886641103,0.12552185764174012,0.12552185764174012,1,76767151
5.0,26.37583889967944,53.54577938361503,89.08996367687432,9.962446977835995,9.962446977835995,0.12590369815001504,0.12590369815001504,1,76767151
5.0,26.37583889967944,55.26630607311077,89.12268128329109,9.995164584252763,9.995164584252763,0.1263171776547644,0.1263171776547644,1,76767151
5.0,26.37583889967944,56.98683276260651,89.0941490178734,9.966632318835082,9.966632318835082,0.1259565917725333,0.1259565917725333,1,76767151
5.0,26.37583889967944,58.70735945210225,89.07696366581841,9.949446966780087,9.949446966780087,0.12573940623743862,0.12573940623743862,1,76767151
5.0,26.37583889967944,60.427886141597995,89.0411791442687,9.913662445230372,9.913662445230372,0.1252871675846597,0.1252871675846597,1,76767151
5.0,26.37583889967944,62.14841283109373,88.9683485812216,9.84083188218328,9.84083188218328,0.12436674740612555,0.12436674740612555,1,76767151
5.0,26.37583889967944,63.868939520589464,88.91779268981438,9.790275990776053,9.790275990776053,0.12372783071170283,0.12372783071170283,1,76767151
5.0,26.37583889967944,65.5894662100852,88.78152701601898,9.65401031698066,9.65401031698066,0.12200572847116772,0.12200572847116772,1,76767151
5.0,26.37583889967944,67.30999289958095,88.66349822729714,9.535981528258816,9.535981528258816,0.12051410085986827,0.12051410085986827,1,76767151
5.0,26.37583889967944,69.03051958907669,88.52047423091187,9.392957531873549,9.392957531873549,0.11870658809627102,0.11870658809627102,1,76767151
5.0,26.37583889967944,70.75104627857243,88.25295913122883,9.12544243219051,9.12544243219051,0.11532577809688063,0.11532577809688063,1,76767151
5.0,26.37583889967944,72.47157296806817,88.05488361498652,8.927366915948198,8.927366915948198,0.11282253365669817,0.11282253365669817,1,76767151
5.0,26.37583889967944,74.19209965756392,87.72309435792134,8.595577658883016,8.595577658883016,0.1086294378676929,0.1086294378676929,1,76767151
5.0,26.37583889967944,75.91262634705964,87.31327190410724,8.185755205068915,8.185755205068915,0.1034501719067395,0.1034501719067395,1,76767151
5.0,26.37583889967944,77.63315303655538,86.81342389878871,7.685907199750389,7.685907199750389,0.09713317844895542,0.09713317844895542,1,76767151
5.0,26.37583889967944,79.35367972605113,86.19303368466349,7.065516985625166,7.065516985625166,0.08929279320743598,0.08929279320743598,1,76767151
5.0,26.37583889967944,81.07420641554687,85.41303372847784,6.285517029439518,6.285517029439518,0.07943528738992903,0.07943528738992903,1,76767151
5.0,26.37583889967944,82.79473310504261,84.44837478116342,5.320858082125099,5.320858082125099,0.06724409287811968,0.06724409287811968,1,76767151
5.0,26.37583889967944,84.51525979453834,83.30377787227312,4.176261173234792,4.176261173234792,0.05277887323469546,0.05277887323469546,1,76767151
5.0,26.37583889967944,86.23578648403408,81.99191295113077,2.8643962520924475,2.8643962520924475,0.03619974910860889,0.03619974910860889,1,76767151
5.0,26.37583889967944,87.8082603713707,80.6477585858141,1.5202418867757785,1.5202418867757785,0.01921255651884062,0.01921255651884062,1,76767151
5.0,26.37583889967944,89.37736199267323,79.12740678121833,-0.00010991781999791783,0.00010991781999791783,-1.3891225781290532e-6,1.3891225781290532e-6,1,76767151
5.0,26.37583889967944,89.3807342587073,79.12385829478838,-0.0036584042499470115,0.0036584042499470115,-4.623428615688471e-5,4.623428615688471e-5,1,76767151
5.0,26.37583889967944,89.52878706086643,78.96666068421817,-0.16085601482015477,0.16085601482015477,-0.0020328707576148376,0.0020328707576148376,1,76767151
5.0,26.37583889967944,89.67683986302556,78.80663822727809,-0.3208784717602384,0.3208784717602384,-0.004055207153545591,0.004055207153545591,1,76767151
5.0,26.37583889967944,91.3973665525213,76.70675845012285,-2.420758248915476,2.420758248915476,-0.03059312802805167,0.03059312802805167,1,76767151
5.0,26.37583889967944,93.11789324201705,74.06902697152702,-5.058489727511301,5.058489727511301,-0.06392832656117943,0.06392832656117943,1,76767151
5.0,26.37583889967944,94.83841993151279,70.55033492885349,-8.577181770184836,8.577181770184836,-0.1083969537778895,0.1083969537778895,1,76767151
5.0,26.37583889967944,96.55894662100852,67.32903045524338,-11.79848624379494,11.79848624379494,-0.14910724784489962,0.14910724784489962,1,76767151
5.0,26.37583889967944,98.27947331050426,63.80168685727841,-15.325829841759912,15.325829841759912,-0.19368521193520755,0.19368521193520755,1,76767151
5.0,26.37583889967944,100.0,60.00000238418597,-19.127514314852355,19.127514314852355,-0.24173024900558798,0.24173024900558798,1,76767151
5.0,27.07329022375922,53.152904294654334,90.80435045904842,9.58447978777076,9.58447978777076,0.1180065876558972,0.1180065876558972,1,76528170
5.0,27.07329022375922,54.826014855559535,90.814656485041,9.594785813763338,9.594785813763338,0.11813347810656398,0.11813347810656398,1,76528170
5.0,27.07329022375922,56.499125416464736,90.81011507429106,9.5902444030134,9.5902444030134,0.11807756308586273,0.11807756308586273,1,76528170
5.0,27.07329022375922,58.17223597736994,90.79327760516577,9.573406933888108,9.573406933888108,0.11787025582242915,0.11787025582242915,1,76528170
5.0,27.07329022375922,59.845346538275145,90.76322907325793,9.54335840198027,9.54335840198027,0.11750029054595816,0.11750029054595816,1,76528170
5.0,27.07329022375922,61.518457099180345,90.70889292587792,9.489022254600258,9.489022254600258,0.11683128988231602,0.11683128988231602,1,76528170
5.0,27.07329022375922,63.191567660085546,90.63150359261368,9.411632921336022,9.411632921336022,0.1158784524470355,0.1158784524470355,1,76528170
5.0,27.07329022375922,64.86467822099075,90.53041015691254,9.310539485634877,9.310539485634877,0.11463376398760293,0.11463376398760293,1,76528170
5.0,27.07329022375922,66.53778878189596,90.39576918844658,9.175898517168918,9.175898517168918,0.1129760296505108,0.1129760296505108,1,76528170
5.0,27.07329022375922,68.21089934280116,90.23128576935554,9.011415098077876,9.011415098077876,0.11095086736286376,0.11095086736286376,1,76528170
5.0,27.07329022375922,69.88400990370636,90.026171676741,8.80630100546334,8.80630100546334,0.108425449741298,0.108425449741298,1,76528170
5.0,27.07329022375922,71.55712046461156,89.76720688529623,8.547336214018571,8.547336214018571,0.10523700842386621,0.10523700842386621,1,76528170
5.0,27.07329022375922,73.23023102551676,89.45559830331463,8.23572763203697,8.23572763203697,0.1014004031768229,0.1014004031768229,1,76528170
5.0,27.07329022375922,74.90334158642196,89.0806374314084,7.860766760130744,7.860766760130744,0.09678378819323337,0.09678378819323337,1,76528170
5.0,27.07329022375922,76.57645214732716,88.62541444665497,7.405543775377311,7.405543775377311,0.09117896537104661,0.09117896537104661,1,76528170
5.0,27.07329022375922,78.24956270823236,88.07832536431437,6.858454693036705,6.858454693036705,0.08444306345666354,0.08444306345666354,1,76528170
5.0,27.07329022375922,79.92267326913758,87.40549805977415,6.185627388496485,6.185627388496485,0.07615904011386158,0.07615904011386158,1,76528170
5.0,27.07329022375922,81.59578383004278,86.56479502595556,5.3449243546779,5.3449243546779,0.06580808748527178,0.06580808748527178,1,76528170
5.0,27.07329022375922,83.26889439094798,85.53345391031219,4.313583239034529,4.313583239034529,0.05310994961433706,0.05310994961433706,1,76528170
5.0,27.07329022375922,84.94200495185318,84.3227607801177,3.102890108840043,3.102890108840043,0.038203583472798355,0.038203583472798355,1,76528170
5.0,27.07329022375922,86.61511551275838,82.94285285913952,1.7229821878618594,1.7229821878618594,0.021213801174780365,0.021213801174780365,1,76528170
5.0,27.07329022375922,87.54202803262507,82.10500119768311,0.8851305264054474,0.8851305264054474,0.010897955378282352,0.010897955378282352,1,76528170
5.0,27.07329022375922,88.45722866144649,81.2197205444888,-0.00015012678886705544,0.00015012678886705544,-1.848399752748508e-6,1.848399752748508e-6,1,76528170
5.0,27.07329022375922,88.46894055249174,81.20791518875329,-0.011955482524371064,0.011955482524371064,-0.00014719898499664766,0.00014719898499664766,1,76528170
5.0,27.07329022375922,89.21513859353027,80.42507764363587,-0.7947930276417878,0.7947930276417878,-0.009785696789133843,0.009785696789133843,1,76528170
5.0,27.07329022375922,89.96133663456878,79.57214923910378,-1.6477214321738813,1.6477214321738813,-0.020287171335728025,0.020287171335728025,1,76528170
5.0,27.07329022375922,91.634447195474,77.33801006805632,-3.881860603221341,3.881860603221341,-0.04779446915068913,0.04779446915068913,1,76528170
5.0,27.07329022375922,93.3075577563792,74.55861174565476,-6.661258925622903,6.661258925622903,-0.08201513829766008,0.08201513829766008,1,76528170
5.0,27.07329022375922,94.9806683172844,70.97794094389792,-10.241929727379741,10.241929727379741,-0.1261012809147659,0.1261012809147659,1,76528170
5.0,27.07329022375922,96.6537788781896,67.61780516353826,-13.602065507739397,13.602065507739397,-0.16747213945699607,0.16747213945699607,1,76528170
5.0,27.07329022375922,98.3268894390948,63.947524829013666,-17.272345842263995,17.272345842263995,-0.21266157775811545,0.21266157775811545,1,76528170
5.0,27.07329022375922,100.0,60.00000238418597,-21.219868287091693,21.219868287091693,-0.2612644924414515,0.2612644924414515,1,76528170
5.0,27.770741547838995,54.480901053305814,92.44399407718375,9.131769433666761,9.131769433666761,0.10960899763198627,0.10960899763198627,1,74004729
5.0,27.770741547838995,56.10658315854489,92.44197521785401,9.129750574337024,9.129750574337024,0.10958476518184614,0.10958476518184614,1,74004729
5.0,27.770741547838995,57.73226526378397,92.42399680809338,9.111772164576394,9.111772164576394,0.10936896960277527,0.10936896960277527,1,74004729
5.0,27.770741547838995,59.35794736902305,92.39512263477705,9.082897991260069,9.082897991260069,0.10902239173332244,0.10902239173332244,1,74004729
5.0,27.770741547838995,60.98362947426212,92.3540040070076,9.041779363490619,9.041779363490619,0.10852884318212973,0.10852884318212973,1,74004729
5.0,27.770741547838995,62.60931157950121,92.28294642002682,8.970721776509833,8.970721776509833,0.10767593609334615,0.10767593609334615,1,74004729
5.0,27.770741547838995,64.23499368474029,92.18737392036616,8.875149276849172,8.875149276849172,0.10652877551673684,0.10652877551673684,1,74004729
5.0,27.770741547838995,65.86067578997935,92.06223450057455,8.750009857057563,8.750009857057563,0.10502672200265695,0.10502672200265695,1,74004729
5.0,27.770741547838995,67.48635789521843,91.89822130652762,8.585996663010633,8.585996663010633,0.10305806500485472,0.10305806500485472,1,74004729
5.0,27.770741547838995,69.11204000045751,91.7035925043579,8.391367860840916,8.391367860840916,0.10072192762522633,0.10072192762522633,1,74004729
5.0,27.770741547838995,70.73772210569659,91.46120749356344,8.148982850046451,8.148982850046451,0.09781257054309822,0.09781257054309822,1,74004729
5.0,27.770741547838995,72.36340421093567,91.1569696403363,7.8447449968193155,7.8447449968193155,0.094160791293067,0.094160791293067,1,74004729
5.0,27.770741547838995,73.98908631617475,90.79924044907189,7.487015805554904,7.487015805554904,0.089866953350375,0.089866953350375,1,74004729
5.0,27.770741547838995,75.61476842141383,90.37752841886999,7.0653037753530015,7.0653037753530015,0.08480512680563493,0.08480512680563493,1,74004729
5.0,27.770741547838995,77.24045052665291,89.87113594131061,6.558911297793628,6.558911297793628,0.07872687742835367,0.07872687742835367,1,74004729
5.0,27.770741547838995,78.86613263189199,89.26667488976886,5.954450246251881,5.954450246251881,0.07147150699348456,0.07147150699348456,1,74004729
5.0,27.770741547838995,80.49181473713107,88.53675832363889,5.224533680121908,5.224533680121908,0.06271028894591474,0.06271028894591474,1,74004729
5.0,27.770741547838995,82.11749684237014,87.63703142209539,4.324806778578406,4.324806778578406,0.051910830578390334,0.051910830578390334,1,74004729
5.0,27.770741547838995,83.74317894760922,86.54478366959137,3.2325590260743837,3.2325590260743837,0.03880053665480806,0.03880053665480806,1,74004729
5.0,27.770741547838995,85.3688610528483,85.27379298753024,1.9615683440132585,1.9615683440132585,0.02354478412269717,0.02354478412269717,1,74004729
5.0,27.770741547838995,86.99454315808738,83.83083173426374,0.5186070907467553,0.5186070907467553,0.00622486187310221,0.00622486187310221,1,74004729
5.0,27.770741547838995,87.2670102035959,83.57180189726188,0.2595772537448937,0.2595772537448937,0.0031157162691981114,0.0031157162691981114,1,74004729
5.0,27.770741547838995,87.53492529369021,83.31215861032484,-6.603319214093517e-5,6.603319214093517e-5,-7.925990744273518e-7,7.925990744273518e-7,1,74004729
5.0,27.770741547838995,87.53947724910442,83.30770453295266,-0.004520110564328661,0.004520110564328661,-5.425506981321975e-5,5.425506981321975e-5,1,74004729
5.0,27.770741547838995,88.89269230883497,81.90253441263633,-1.4096902308806563,1.4096902308806563,-0.016920568823033496,0.016920568823033496,1,74004729
5.0,27.770741547838995,90.24590736856553,80.27386447647724,-3.038360167039741,3.038360167039741,-0.03646955990000891,0.03646955990000891,1,74004729
5.0,27.770741547838995,91.8715894738046,77.90790056164477,-5.404324081872218,5.404324081872218,-0.06486832040551879,0.06486832040551879,1,74004729
5.0,27.770741547838995,93.49727157904368,74.99081338248952,-8.321411261027464,8.321411261027464,-0.09988223572991581,0.09988223572991581,1,74004729
5.0,27.770741547838995,95.12295368428276,71.3700056383323,-11.942219005184683,11.942219005184683,-0.14334293744146198,0.14334293744146198,1,74004729
5.0,27.770741547838995,96.74863578952184,67.88083871675882,-15.431385926758168,15.431385926758168,-0.18522354903841803,0.18522354903841803,1,74004729
5.0,27.770741547838995,98.37431789476092,64.07959584182406,-19.232628801692925,19.232628801692925,-0.23085002091814302,0.23085002091814302,1,74004729
5.0,27.770741547838995,100.0,60.00000238418597,-23.312222259331016,23.312222259331016,-0.2798175460934001,0.2798175460934001,1,74004729
5.0,28.46819287191877,55.80973534703937,94.06248458767358,8.657905971917273,8.657905971917273,0.10137519688341363,0.10137519688341363,1,75847291
5.0,28.46819287191877,57.387959084645104,94.04912797745504,8.644549361698736,8.644549361698736,0.10121880468014981,0.10121880468014981,1,75847291
5.0,28.46819287191877,58.96618282225084,94.01431913530853,8.609740519552219,8.609740519552219,0.10081122884861124,0.10081122884861124,1,75847291
5.0,28.46819287191877,60.54440655985658,93.9732937726195,8.568715156863192,8.568715156863192,0.10033086393897794,0.10033086393897794,1,75847291
5.0,28.46819287191877,62.122630297462315,93.91875812031476,8.514179504558456,8.514179504558456,0.0996923073979979,0.0996923073979979,1,75847291
5.0,28.46819287191877,63.70085403506805,93.82809202289504,8.423513407138728,8.423513407138728,0.09863070041053598,0.09863070041053598,1,75847291
5.0,28.46819287191877,65.27907777267379,93.7129551950353,8.308376579278999,8.308376579278999,0.09728256627386701,0.09728256627386701,1,75847291
5.0,28.46819287191877,66.85730151027953,93.55928322436138,8.154704608605073,8.154704608605073,0.09548322514761064,0.09548322514761064,1,75847291
5.0,28.46819287191877,68.43552524788527,93.36116130707362,7.956582691317308,7.956582691317308,0.09316342074720332,0.09316342074720332,1,75847291
5.0,28.46819287191877,70.013748985491,93.1325351823045,7.727956566548187,7.727956566548187,0.09048644337111049,0.09048644337111049,1,75847291
5.0,28.46819287191877,71.59197272309675,92.84868781916029,7.444109203403983,7.444109203403983,0.08716288194448883,0.08716288194448883,1,75847291
5.0,28.46819287191877,73.17019646070247,92.49402703991375,7.089448424157439,7.089448424157439,0.08301016806199082,0.08301016806199082,1,75847291
5.0,28.46819287191877,74.74842019830821,92.0852300553639,6.680651439607587,6.680651439607587,0.07822357475311133,0.07822357475311133,1,75847291
5.0,28.46819287191877,76.32664393591395,91.61329237294635,6.20871375719004,6.20871375719004,0.07269766864752839,0.07269766864752839,1,75847291
5.0,28.46819287191877,77.90486767351969,91.04983659688818,5.645257981131877,5.645257981131877,0.06610017955279018,0.06610017955279018,1,75847291
5.0,28.46819287191877,79.48309141112543,90.37878863696656,4.974210021210254,4.974210021210254,0.05824289636261447,0.05824289636261447,1,75847291
5.0,28.46819287191877,81.06131514873115,89.58219383887649,4.177615223120185,4.177615223120185,0.048915588494566446,0.048915588494566446,1,75847291
5.0,28.46819287191877,82.6395388863369,88.6232815100445,3.2187028942881994,3.2187028942881994,0.03768770886124811,0.03768770886124811,1,75847291
5.0,28.46819287191877,84.21776262394263,87.47660873677603,2.072030121019722,2.072030121019722,0.024261347044893126,0.024261347044893126,1,75847291
5.0,28.46819287191877,85.40470921974975,86.49573170490459,1.0911530891482784,1.0911530891482784,0.012776283272322959,0.012776283272322959,1,75847291
5.0,28.46819287191877,86.59165581555685,85.41672148922807,0.012142873471759685,0.012142873471759685,0.0001421805911178566,0.0001421805911178566,1,75847291
5.0,28.46819287191877,86.60447112045925,85.40453260725188,-4.6008504426708896e-5,4.6008504426708896e-5,-5.387123872328406e-7,5.387123872328406e-7,1,75847291
5.0,28.46819287191877,86.98293295735547,85.0392880045033,-0.3652906112530019,0.3652906112530019,-0.004277178310269297,0.004277178310269297,1,75847291
5.0,28.46819287191877,87.37421009915411,84.65079856612613,-0.7537800496301799,0.7537800496301799,-0.008825991086748537,0.008825991086748537,1,75847291
5.0,28.46819287191877,88.95243383675984,82.94720731462498,-2.4573713011313316,2.4573713011313316,-0.028773296946845082,0.028773296946845082,1,75847291
5.0,28.46819287191877,90.53065757436558,80.91256220232951,-4.492016413426796,4.492016413426796,-0.052596903892434446,0.052596903892434446,1,75847291
5.0,28.46819287191877,92.10888131197132,78.41895179056482,-6.985626825191488,6.985626825191488,-0.08179452364750277,0.08179452364750277,1,75847291
5.0,28.46819287191877,93.68710504957706,74.9980844928782,-10.406494122878101,10.406494122878101,-0.12184937027437315,0.12184937027437315,1,75847291
5.0,28.46819287191877,95.2653287871828,71.72588550444516,-13.678693111311148,13.678693111311148,-0.16016346351701996,0.16016346351701996,1,75847291
5.0,28.46819287191877,96.84355252478852,68.11782809941239,-17.286750516343915,17.286750516343915,-0.20241011426470149,0.20241011426470149,1,75847291
5.0,28.46819287191877,98.42177626239426,64.19780487897584,-21.206773736780463,21.206773736780463,-0.2483095646685624,0.2483095646685624,1,75847291
5.0,28.46819287191877,100.0,60.00000238418597,-25.40457623157034,25.40457623157034,-0.29746152540448745,0.29746152540448745,1,75847291
5.0,29.165644195998546,57.13708097264293,95.6668812992947,8.169948711299057,8.169948711299057,0.09337411575065836,0.09337411575065836,1,75918927
5.0,29.165644195998546,58.66789950933425,95.63895588335241,8.142023295356765,8.142023295356765,0.09305495695141465,0.09305495695141465,1,75918927
5.0,29.165644195998546,60.198718046025576,95.58482534737931,8.087892759383664,8.087892759383664,0.09243630056687613,0.09243630056687613,1,75918927
5.0,29.165644195998546,61.729536582716904,95.53196640724218,8.035033819246536,8.035033819246536,0.09183217721564929,0.09183217721564929,1,75918927
5.0,29.165644195998546,63.260355119408224,95.45864603576003,7.961713447764382,7.961713447764382,0.09099420073677769,0.09099420073677769,1,75918927
5.0,29.165644195998546,64.79117365609955,95.348400478762,7.851467890766358,7.851467890766358,0.08973420734344188,0.08973420734344188,1,75918927
5.0,29.165644195998546,66.32199219279087,95.21172999899142,7.7147974109957715,7.7147974109957715,0.08817220424541171,0.08817220424541171,1,75918927
5.0,29.165644195998546,67.8528107294822,95.02379162733584,7.526859039340195,7.526859039340195,0.08602426184221298,0.08602426184221298,1,75918927
5.0,29.165644195998546,69.38362926617351,94.78915227150655,7.292219683510908,7.292219683510908,0.08334257519458896,0.08334257519458896,1,75918927
5.0,29.165644195998546,70.91444780286484,94.52290161654038,7.025969028544736,7.025969028544736,0.08029960389158466,0.08029960389158466,1,75918927
5.0,29.165644195998546,72.44526633955617,94.19294319354468,6.696010605549034,6.696010605549034,0.07652851828622516,0.07652851828622516,1,75918927
5.0,29.165644195998546,73.97608487624748,93.78388099419936,6.28694840620372,6.28694840620372,0.07185335782921233,0.07185335782921233,1,75918927
5.0,29.165644195998546,75.50690341293881,93.31936194267281,5.822429354677169,5.822429354677169,0.06654438255674339,0.06654438255674339,1,75918927
5.0,29.165644195998546,77.03772194963014,92.79249055021998,5.295557962224336,5.295557962224336,0.060522784120444394,0.060522784120444394,1,75918927
5.0,29.165644195998546,78.56854048632147,92.1649827596514,4.66805017165575,4.66805017165575,0.05335101509942755,0.05335101509942755,1,75918927
5.0,29.165644195998546,80.0993590230128,91.41874167003951,3.9218090820438647,3.9218090820438647,0.044822246518181674,0.044822246518181674,1,75918927
5.0,29.165644195998546,81.63017755970411,90.54660979039971,3.0496772024040695,3.0496772024040695,0.034854675612050856,0.034854675612050856,1,75918927
5.0,29.165644195998546,83.16099609639544,89.52237360140452,2.02544101340888,2.02544101340888,0.023148708800413025,0.023148708800413025,1,75918927
5.0,29.165644195998546,84.69181463308676,88.32441331872204,0.8274807307263927,0.8274807307263927,0.009457254171672768,0.009457254171672768,1,75918927
5.0,29.165644195998546,85.16179593184935,87.92077135661332,0.4238387686176708,0.4238387686176708,0.004844041454726613,0.004844041454726613,1,75918927
5.0,29.165644195998546,85.63177723061195,87.50046127497289,0.0035286869772477303,0.0035286869772477303,4.032926495679069e-5,4.032926495679069e-5,1,75918927
5.0,29.165644195998546,85.63563493190142,87.49694285763135,1.026963570893713e-5,1.026963570893713e-5,1.1737137983218966e-7,1.1737137983218966e-7,1,75918927
5.0,29.165644195998546,86.69261446854068,86.49108109568633,-1.0058514923093185,1.0058514923093185,-0.011495848626438805,0.011495848626438805,1,75918927
5.0,29.165644195998546,87.7534517064694,85.39642476407188,-2.1005078239237633,2.1005078239237633,-0.024006645282236415,0.024006645282236415,1,75918927
5.0,29.165644195998546,89.28427024316073,83.62115816912994,-3.875774418865703,3.875774418865703,-0.04429611763781362,0.04429611763781362,1,75918927
5.0,29.165644195998546,90.81508877985206,81.48744341975048,-6.009489168245167,6.009489168245167,-0.06868228394408485,0.06868228394408485,1,75918927
5.0,29.165644195998546,92.34590731654339,78.87513763168278,-8.621794956312868,8.621794956312868,-0.09853825387126493,0.09853825387126493,1,75918927
5.0,29.165644195998546,93.8767258532347,75.4278094435242,-12.069123144471448,12.069123144471448,-0.13793767149875263,0.13793767149875263,1,75918927
5.0,29.165644195998546,95.40754438992603,72.04561166133877,-15.451320926656877,15.451320926656877,-0.1765927155345416,0.1765927155345416,1,75918927
5.0,29.165644195998546,96.93836292661736,68.32896185388194,-19.16797073411371,19.16797073411371,-0.21907020243065647,0.21907020243065647,1,75918927
5.0,29.165644195998546,98.46918146330867,64.30232105636574,-23.194611531629903,23.194611531629903,-0.2650905676985086,0.2650905676985086,1,75918927
5.0,29.165644195998546,100.0,60.00000238418597,-27.496930203809676,27.496930203809676,-0.31426164770011816,0.31426164770011816,1,75918927
5.0,29.863095520078325,58.465432451493356,97.26500369928897,7.675717139054001,7.675717139054001,0.08567673026275598,0.08567673026275598,1,73362587
5.0,29.863095520078325,59.94880986394002,97.21613648030795,7.626849920072985,7.626849920072985,0.08513127197352002,0.08513127197352002,1,73362587
5.0,29.863095520078325,61.432187276386685,97.14575399675108,7.556467436516115,7.556467436516115,0.08434565924839191,0.08434565924839191,1,73362587
5.0,29.863095520078325,62.91556468883335,97.07728995660642,7.488003396371454,7.488003396371454,0.08358146028249624,0.08358146028249624,1,73362587
5.0,29.863095520078325,64.39894210128001,96.9801251571917,7.390838596956726,7.390838596956726,0.08249690203736056,0.08249690203736056,1,73362587
5.0,29.863095520078325,65.88231951372669,96.85188314582167,7.2625965855867065,7.2625965855867065,0.0810654584318375,0.0810654584318375,1,73362587
5.0,29.863095520078325,67.36569692617336,96.69122393411172,7.101937373876751,7.101937373876751,0.07927217245001493,0.07927217245001493,1,73362587
5.0,29.863095520078325,68.84907433862003,96.46431720107313,6.875030640838162,6.875030640838162,0.07673942839377078,0.07673942839377078,1,73362587
5.0,29.863095520078325,70.33245175106669,96.19059497021944,6.601308409984469,6.601308409984469,0.07368412746033096,0.07368412746033096,1,73362587
5.0,29.863095520078325,71.81582916351334,95.88450193862387,6.295215378388903,6.295215378388903,0.07026750206517542,0.07026750206517542,1,73362587
5.0,29.863095520078325,73.29920657596001,95.50377349856994,5.914486938334974,5.914486938334974,0.06601779258905466,0.06601779258905466,1,73362587
5.0,29.863095520078325,74.78258398840669,95.03421610316191,5.444929542926943,5.444929542926943,0.060776569967058144,0.060776569967058144,1,73362587
5.0,29.863095520078325,76.26596140085334,94.50925632108473,4.919969760849767,4.919969760849767,0.05491694319433883,0.05491694319433883,1,73362587
5.0,29.863095520078325,77.74933881330001,93.92195579334836,4.332669233113393,4.332669233113393,0.048361465968370466,0.048361465968370466,1,73362587
5.0,29.863095520078325,79.23271622574669,93.22133615014336,3.632049589908391,3.632049589908391,0.04054111523107619,0.04054111523107619,1,73362587
5.0,29.863095520078325,80.71609363819334,92.39065956774164,2.801373007506669,2.801373007506669,0.03126906257505665,0.03126906257505665,1,73362587
5.0,29.863095520078325,82.19947105064001,91.434534855342,1.8452482951070266,1.8452482951070266,0.020596751754088163,0.020596751754088163,1,73362587
5.0,29.863095520078325,83.39561922242223,90.56294725755222,0.973660697317257,0.973660697317257,0.010868048342617623,0.010868048342617623,1,73362587
5.0,29.863095520078325,84.59176739420444,89.58997176261308,0.0006852023781078742,0.0006852023781078742,7.648262469945906e-6,7.648262469945906e-6,1,73362587
5.0,29.863095520078325,84.59259809386239,89.58925869114965,-2.7869085315046505e-5,2.7869085315046505e-5,-3.1107609386205843e-7,3.1107609386205843e-7,1,73362587
5.0,29.863095520078325,84.87899663486888,89.34025683255948,-0.24902972767549159,0.24902972767549159,-0.0027796820048126797,0.0027796820048126797,1,73362587
5.0,29.863095520078325,85.16622587553334,89.08417792521114,-0.5051086350238307,0.5051086350238307,-0.005638047298035164,0.005638047298035164,1,73362587
5.0,29.863095520078325,86.64960328798,87.65929389970104,-1.9299926605339266,1.9299926605339266,-0.021542672507346115,0.021542672507346115,1,73362587
5.0,29.863095520078325,88.13298070042667,86.05696902506914,-3.5323175351658307,3.5323175351658307,-0.039427901156360835,0.039427901156360835,1,73362587
5.0,29.863095520078325,89.61635811287334,84.20978754224743,-5.379499017987541,5.379499017987541,-0.0600462312463071,0.0600462312463071,1,73362587
5.0,29.863095520078325,91.09973552532,81.98567994719365,-7.603606613041322,7.603606613041322,-0.08487182904318666,0.08487182904318666,1,73362587
5.0,29.863095520078325,92.58311293776667,79.27216434760376,-10.317122212631205,10.317122212631205,-0.11516022293239865,0.11516022293239865,1,73362587
5.0,29.863095520078325,94.06649035021334,75.81149155659541,-13.777795003639554,13.777795003639554,-0.1537884219490476,0.1537884219490476,1,73362587
5.0,29.863095520078325,95.54986776266,72.32808748484335,-17.261199075391616,17.261199075391616,-0.19267034863355145,0.19267034863355145,1,73362587
5.0,29.863095520078325,97.03324517510667,68.51360494460427,-21.0756816156307,21.0756816156307,-0.23524778938227794,0.23524778938227794,1,73362587
5.0,29.863095520078325,98.51662258755334,64.39286861443016,-25.19641794580481,25.19641794580481,-0.2812436499186106,0.2812436499186106,1,73362587
5.0,29.863095520078325,100.0,60.00000238418597,-29.589284176049,29.589284176049,-0.33027703771426703,0.33027703771426703,1,73362587
5.0,30.5605468441581,59.79391503121101,98.86314665550728,7.181506123032975,7.181506123032975,0.07833090770762585,0.07833090770762585,1,75621098
5.0,30.5605468441581,61.229846637239184,98.79323033518114,7.111589802706831,7.111589802706831,0.07756830878465634,0.07756830878465634,1,75621098
5.0,30.5605468441581,62.66577824326736,98.70781651403742,7.026175981563114,7.026175981563114,0.07663667382865375,0.07663667382865375,1,75621098
5.0,30.5605468441581,64.10170984929555,98.6164192894939,6.9347787570196004,6.9347787570196004,0.07563977604178289,0.07563977604178289,1,75621098
5.0,30.5605468441581,65.53764145532372,98.4926783615372,6.811037829062897,6.811037829062897,0.07429009548155258,0.07429009548155258,1,75621098
5.0,30.5605468441581,66.9735730613519,98.34771645781149,6.666075925337182,6.666075925337182,0.07270895117737351,0.07270895117737351,1,75621098
5.0,30.5605468441581,68.40950466738008,98.15977962205055,6.478139089576246,6.478139089576246,0.07065906600222366,0.07065906600222366,1,75621098
5.0,30.5605468441581,69.84543627340825,97.88977485165647,6.2081343191821645,6.2081343191821645,0.06771404048974448,0.06771404048974448,1,75621098
5.0,30.5605468441581,71.28136787943643,97.57419053974361,5.892550007269307,5.892550007269307,0.06427186482534769,0.06427186482534769,1,75621098
5.0,30.5605468441581,72.71729948546461,97.22666514439167,5.54502461191737,5.54502461191737,0.06048129788813369,0.06048129788813369,1,75621098
5.0,30.5605468441581,74.15323109149278,96.78883854170721,5.107198009232903,5.107198009232903,0.055705787762642574,0.055705787762642574,1,75621098
5.0,30.5605468441581,75.58916269752098,96.25168059435255,4.570040061878245,4.570040061878245,0.04984683994893726,0.04984683994893726,1,75621098
5.0,30.5605468441581,77.02509430354915,95.66095317326666,3.979312640792358,3.979312640792358,0.04340359332229506,0.04340359332229506,1,75621098
5.0,30.5605468441581,78.46102590957733,95.00435254193648,3.3227120094621796,3.3227120094621796,0.03624184722442059,0.03624184722442059,1,75621098
5.0,30.5605468441581,79.89695751560551,94.22205862105996,2.5404180885856533,2.5404180885856533,0.027709125554813984,0.027709125554813984,1,75621098
5.0,30.5605468441581,81.33288912163368,93.2978810365494,1.616240504075094,1.616240504075094,0.01762883489745812,0.01762883489745812,1,75621098
5.0,30.5605468441581,82.76882072766186,92.24929778166113,0.5676572491868228,0.5676572491868228,0.006191613128756727,0.006191613128756727,1,75621098
5.0,30.5605468441581,83.12499276494145,91.97073226306668,0.28909173059237503,0.28909173059237503,0.0031532128887896225,0.0031532128887896225,1,75621098
5.0,30.5605468441581,83.48116480222106,91.68439626743161,0.002755734957304412,0.002755734957304412,3.0057653214967404e-5,3.0057653214967404e-5,1,75621098
5.0,30.5605468441581,83.48438132118376,91.681773804679,0.00013327220469250278,0.00013327220469250278,1.4536411425283865e-6,1.4536411425283865e-6,1,75621098
5.0,30.5605468441581,84.56092437096964,90.76460405600432,-0.9170364764699883,0.9170364764699883,-0.010002400384024186,0.010002400384024186,1,75621098
5.0,30.5605468441581,85.64068393971822,89.75876372260103,-1.922876809873273,1.922876809873273,-0.020973411892560714,0.020973411892560714,1,75621098
5.0,30.5605468441581,87.07661554574639,88.27708149970412,-3.4045590327701802,3.4045590327701802,-0.03713457801362379,0.03713457801362379,1,75621098
5.0,30.5605468441581,88.51254715177457,86.61933839745677,-5.062302135017532,5.062302135017532,-0.0552160945813838,0.0552160945813838,1,75621098
5.0,30.5605468441581,89.94847875780275,84.69888747044097,-6.982753062033339,6.982753062033339,-0.07616304661956826,0.07616304661956826,1,75621098
5.0,30.5605468441581,91.38441036383092,82.39122791036395,-9.290412622110352,9.290412622110352,-0.10133340293817736,0.10133340293817736,1,75621098
5.0,30.5605468441581,92.8203419698591,79.59232484454103,-12.08931568793328,12.08931568793328,-0.13186190405974635,0.13186190405974635,1,75621098
5.0,30.5605468441581,94.25627357588729,76.14843198072542,-15.533208551748885,15.533208551748885,-0.16942550833006648,0.16942550833006648,1,75621098
5.0,30.5605468441581,95.69220518191547,72.57301021552074,-19.108630316953565,19.108630316953565,-0.2084237389947789,0.2084237389947789,1,75621098
5.0,30.5605468441581,97.12813678794365,68.67170069929432,-23.009939833179985,23.009939833179985,-0.25097652811993143,0.25097652811993143,1,75621098
5.0,30.5605468441581,98.56406839397182,64.46948279583586,-27.212157736638446,27.212157736638446,-0.2968114180613915,0.2968114180613915,1,75621098
5.0,30.5605468441581,100.0,60.00000238418597,-31.681638148288336,31.681638148288336,-0.3455614228136163,0.3455614228136163,1,75621098
5.0,31.257998168237876,61.12155713350495,100.46992115797511,6.6959266532614805,6.6959266532614805,0.07140494215509721,0.07140494215509721,1,76172785
5.0,31.257998168237876,62.51007295016549,100.38198327798467,6.607988773271046,6.607988773271046,0.07046717811449196,0.07046717811449196,1,76172785
5.0,31.257998168237876,63.89858876682602,100.27909395220561,6.505099447491986,6.505099447491986,0.06936997279309673,0.06936997279309673,1,76172785
5.0,31.257998168237876,65.28710458348655,100.15340453209753,6.379410027383898,6.379410027383898,0.06802962869480016,0.06802962869480016,1,76172785
5.0,31.257998168237876,66.6756204001471,100.0013251605704,6.227330655856775,6.227330655856775,0.06640786380859305,0.06640786380859305,1,76172785
5.0,31.257998168237876,68.06413621680764,99.8415525898144,6.067558085100771,6.067558085100771,0.0647040591279897,0.0647040591279897,1,76172785
5.0,31.257998168237876,69.45265203346817,99.61835880837243,5.844364303658807,5.844364303658807,0.062323934631632175,0.062323934631632175,1,76172785
5.0,31.257998168237876,70.84116785012871,99.30079015584133,5.526795651127699,5.526795651127699,0.05893740242503896,0.05893740242503896,1,76172785
5.0,31.257998168237876,72.22968366678926,98.9428853408309,5.168890836117271,5.168890836117271,0.05512072790988393,0.05512072790988393,1,76172785
5.0,31.257998168237876,73.61819948344979,98.54846150182729,4.774466997113663,4.774466997113663,0.05091461681173953,0.05091461681173953,1,76172785
5.0,31.257998168237876,75.00671530011033,98.04647223040767,4.272477725694046,4.272477725694046,0.04556143468410409,0.04556143468410409,1,76172785
5.0,31.257998168237876,76.39523111677087,97.43545647327412,3.661461968560488,3.661461968560488,0.039045600946181744,0.039045600946181744,1,76172785
5.0,31.257998168237876,77.7837469334314,96.77129828899749,2.997303784283858,2.997303784283858,0.03196305969597142,0.03196305969597142,1,76172785
5.0,31.257998168237876,79.17226275009193,96.0369746604634,2.262980155749773,2.262980155749773,0.024132278545903496,0.024132278545903496,1,76172785
5.0,31.257998168237876,80.56077856675248,95.16562416430119,1.391629659587565,1.391629659587565,0.014840251467773548,0.014840251467773548,1,76172785
5.0,31.257998168237876,81.48619195721614,94.4975467575938,0.7235522528801681,0.7235522528801681,0.007715915875203526,0.007715915875203526,1,76172785
5.0,31.257998168237876,82.40460715798191,93.77390633864677,-8.816606685968509e-5,8.816606685968509e-5,-9.401974110770481e-7,9.401974110770481e-7,1,76172785
5.0,31.257998168237876,82.41160534767978,93.76819871495199,-0.005795789761634751,0.005795789761634751,-6.180593875995568e-5,6.180593875995568e-5,1,76172785
5.0,31.257998168237876,82.87470777387666,93.38496584195089,-0.3890286627627404,0.3890286627627404,-0.0041485772768609696,0.0041485772768609696,1,76172785
5.0,31.257998168237876,83.33781020007355,92.99115680061793,-0.782837704095698,0.782837704095698,-0.00834813221117874,0.00834813221117874,1,76172785
5.0,31.257998168237876,84.72632601673408,91.73870805093172,-2.0352864537819073,2.0352864537819073,-0.021704167179095714,0.021704167179095714,1,76172785
5.0,31.257998168237876,86.11484183339462,90.35211301180495,-3.421881492908682,3.421881492908682,-0.036490729769826306,0.036490729769826306,1,76172785
5.0,31.257998168237876,87.50335765005516,88.80552594357324,-4.968468561140384,4.968468561140384,-0.052983437331238344,0.052983437331238344,1,76172785
5.0,31.257998168237876,88.8918734667157,87.07412061419917,-6.6998738905144535,6.6998738905144535,-0.07144703524576505,0.07144703524576505,1,76172785
5.0,31.257998168237876,90.28038928337624,85.0717852290646,-8.702209275649025,8.702209275649025,-0.09279981429405358,0.09279981429405358,1,76172785
5.0,31.257998168237876,91.66890510003678,82.68573953250575,-11.088254972207878,11.088254972207878,-0.11824445605386381,0.11824445605386381,1,76172785
5.0,31.257998168237876,93.05742091669731,79.81464521138338,-13.959349293330249,13.959349293330249,-0.14886162594501154,0.14886162594501154,1,76172785
5.0,31.257998168237876,94.44593673335785,76.43803906702128,-17.33595543769235,17.33595543769235,-0.1848695422356242,0.1848695422356242,1,76172785
5.0,31.257998168237876,95.8344525500184,72.78016399073888,-20.993830513974743,20.993830513974743,-0.22387689278736517,0.22387689278736517,1,76172785
5.0,31.257998168237876,97.22296836667893,68.80325196080985,-24.970742543903782,24.970742543903782,-0.2662864334167679,0.2662864334167679,1,76172785
5.0,31.257998168237876,98.61148418333946,64.53222889545201,-29.24176560926162,29.24176560926162,-0.31183235569421924,0.31183235569421924,1,76172785
5.0,31.257998168237876,100.0,60.00000238418597,-33.77399212052766,33.77399212052766,-0.3601637351475945,0.3601637351475945,1,76172785
5.0,31.95544949231765,62.450513335867726,102.09281995118354,6.226471474230593,6.226471474230593,0.06494950077010064,0.06494950077010064,1,73041119
5.0,31.95544949231765,63.791566431015305,101.99086253991916,6.124514062966213,6.124514062966213,0.06388596374293526,0.06388596374293526,1,73041119
5.0,31.95544949231765,65.13261952616288,101.85940872281435,5.9930602458614,5.9930602458614,0.06251474413153622,0.06251474413153622,1,73041119
5.0,31.95544949231765,66.47367262131047,101.68721180813898,5.8208633311860325,5.8208633311860325,0.06071852556880703,0.06071852556880703,1,73041119
5.0,31.95544949231765,67.81472571645806,101.5055408621614,5.639192385208446,5.639192385208446,0.058823481594943126,0.058823481594943126,1,73041119
5.0,31.95544949231765,69.15577881160564,101.329222063898,5.462873586945051,5.462873586945051,0.056984266885458455,0.056984266885458455,1,73041119
5.0,31.95544949231765,70.49683190675321,101.06115610037804,5.194807623425092,5.194807623425092,0.05418802015468406,0.05418802015468406,1,73041119
5.0,31.95544949231765,71.83788500190079,100.68855883216202,4.822210355209066,4.822210355209066,0.050301387627884504,0.050301387627884504,1,73041119
5.0,31.95544949231765,73.17893809704837,100.28714687141849,4.420798394465535,4.420798394465535,0.04611418359726439,0.04611418359726439,1,73041119
5.0,31.95544949231765,74.51999119219596,99.84196876906009,3.9756202921071377,3.9756202921071377,0.04147044667152321,0.04147044667152321,1,73041119
5.0,31.95544949231765,75.86104428734353,99.26824363387058,3.4018951569176323,3.4018951569176323,0.03548581135053324,0.03548581135053324,1,73041119
5.0,31.95544949231765,77.20209738249112,98.57380622988404,2.7074577529310915,2.7074577529310915,0.02824200353872857,0.02824200353872857,1,73041119
5.0,31.95544949231765,78.5431504776387,97.82990428604332,1.9635558090903658,1.9635558090903658,0.020482221762753595,0.020482221762753595,1,73041119
5.0,31.95544949231765,79.88420357278628,97.01560802627395,1.1492595493210018,1.1492595493210018,0.01198814357258317,0.01198814357258317,1,73041119
5.0,31.95544949231765,81.22525666793386,96.05059141430644,0.1842429373534884,0.1842429373534884,0.0019218729020202736,0.0019218729020202736,1,73041119
5.0,31.95544949231765,81.34213061391543,95.95808878731088,0.09174031035793462,0.09174031035793462,0.0009569605165465308,0.0009569605165465308,1,73041119
5.0,31.95544949231765,81.45637606954561,95.86636934944045,2.0872487496603753e-5,2.0872487496603753e-5,2.1772486204188395e-7,2.1772486204188395e-7,1,73041119
5.0,31.95544949231765,81.45900455989701,95.86424413939326,-0.002104337559686087,0.002104337559686087,-2.195074281140464e-5,2.195074281140464e-5,1,73041119
5.0,31.95544949231765,82.68318370906302,94.80831807855844,-1.0580303983945072,1.0580303983945072,-0.011036515056676705,0.011036515056676705,1,73041119
5.0,31.95544949231765,83.90736285822902,93.66033408068168,-2.2060143962712715,2.2060143962712715,-0.02301135311106186,0.02301135311106186,1,73041119
5.0,31.95544949231765,85.24841595337661,92.32497385570696,-3.5413746212459927,3.5413746212459927,-0.03694074800499331,0.03694074800499331,1,73041119
5.0,31.95544949231765,86.5894690485242,90.86914637867577,-4.997202098277185,4.997202098277185,-0.05212675957380971,0.05212675957380971,1,73041119
5.0,31.95544949231765,87.93052214367177,89.25273740871323,-6.61361106823972,6.61361106823972,-0.06898782704579268,0.06898782704579268,1,73041119
5.0,31.95544949231765,89.27157523881935,87.42992076213135,-8.436427714821605,8.436427714821605,-0.0880019720042825,0.0880019720042825,1,73041119
5.0,31.95544949231765,90.61262833396694,85.32240461190416,-10.543943865048789,10.543943865048789,-0.1099858712943848,0.1099858712943848,1,73041119
5.0,31.95544949231765,91.95368142911451,82.84813075776138,-13.018217719191568,13.018217719191568,-0.13579548951237308,0.13579548951237308,1,73041119
5.0,31.95544949231765,93.29473452426208,79.91513679691757,-15.951211680035385,15.951211680035385,-0.16639010386288142,0.16639010386288142,1,73041119
5.0,31.95544949231765,94.63578761940967,76.67861859142985,-19.187729885523098,19.187729885523098,-0.20015083697629293,0.20015083697629293,1,73041119
5.0,31.95544949231765,95.97684071455726,72.94842875859082,-22.91791971836213,22.91791971836213,-0.23906115214007326,0.23906115214007326,1,73041119
5.0,31.95544949231765,97.31789380970484,68.90760814255603,-26.95874033439692,26.95874033439692,-0.2812117157135491,0.2812117157135491,1,73041119
5.0,31.95544949231765,98.65894690485243,64.58082228801689,-31.28552618893606,31.28552618893606,-0.3263452367381799,0.3263452367381799,1,73041119
5.0,31.95544949231765,100.0,60.00000238418597,-35.86634609276698,35.86634609276698,-0.3741286349441957,0.3741286349441957,1,73041119
5.0,32.65290081639743,63.77885200501085,103.74042998366751,5.781727534475223,5.781727534475223,0.05902209186033268,0.05902209186033268,1,75563652
5.0,32.65290081639743,65.07246443340333,103.6282059719521,5.669503522759811,5.669503522759811,0.05787646611285385,0.05787646611285385,1,75563652
5.0,32.65290081639743,66.36607686179579,103.44739427427668,5.488691825084388,5.488691825084388,0.05603067096495258,0.05603067096495258,1,75563652
5.0,32.65290081639743,67.65968929018825,103.21550448368912,5.256802034496829,5.256802034496829,0.05366345105707526,0.05366345105707526,1,75563652
5.0,32.65290081639743,68.95330171858073,103.01170470749987,5.053002258307586,5.053002258307586,0.05158298478819071,0.05158298478819071,1,75563652
5.0,32.65290081639743,70.2469141469732,102.81050277402517,4.85180032483288,4.85180032483288,0.04952903829396206,0.04952903829396206,1,75563652
5.0,32.65290081639743,71.54052657536566,102.48340699004238,4.524704540850095,4.524704540850095,0.04618991909572199,0.04618991909572199,1,75563652
5.0,32.65290081639743,72.83413900375814,102.04781756235974,4.089115113167452,4.089115113167452,0.041743255177234824,0.041743255177234824,1,75563652
5.0,32.65290081639743,74.1277514321506,101.6025795291445,3.643877079952219,3.643877079952219,0.03719809459340449,0.03719809459340449,1,75563652
5.0,32.65290081639743,75.42136386054307,101.10443714578508,3.145734696592797,3.145734696592797,0.03211286611543653,0.03211286611543653,1,75563652
5.0,32.65290081639743,76.71497628893555,100.44996291851803,2.491260469325738,2.491260469325738,0.02543174222441203,0.02543174222441203,1,75563652
5.0,32.65290081639743,78.00858871732802,99.6654064160199,1.706703966827618,1.706703966827618,0.017422688583618437,0.017422688583618437,1,75563652
5.0,32.65290081639743,79.30220114572049,98.83842690819924,0.8797244590069511,0.8797244590069511,0.008980564636033568,0.008980564636033568,1,75563652
5.0,32.65290081639743,79.92816058716545,98.42057798185228,0.46187553265998815,0.46187553265998815,0.004715002558343876,0.004715002558343876,1,75563652
5.0,32.65290081639743,80.55412002861041,97.97609747920016,0.01739503000787579,0.01739503000787579,0.00017757513700120698,0.00017757513700120698,1,75563652
5.0,32.65290081639743,80.57766401024696,97.95867246090316,-2.9988289128368706e-5,2.9988289128368706e-5,-3.0613195539133e-7,3.0613195539133e-7,1,75563652
5.0,32.65290081639743,81.22177301555791,97.45804734217846,-0.5006551070138272,0.5006551070138272,-0.0051108793246164045,0.0051108793246164045,1,75563652
5.0,32.65290081639743,81.88942600250542,96.88681635019189,-1.0718860990003947,1.0718860990003947,-0.010942224347615711,0.010942224347615711,1,75563652
5.0,32.65290081639743,83.18303843089788,95.63923805037348,-2.319464398818809,2.319464398818809,-0.02367798205597745,0.02367798205597745,1,75563652
5.0,32.65290081639743,84.47665085929036,94.27656263660114,-3.6821398125911458,3.6821398125911458,-0.037588695241251704,0.037588695241251704,1,75563652
5.0,32.65290081639743,85.77026328768284,92.84685966128104,-5.111842787911243,5.111842787911243,-0.052183651478668526,0.052183651478668526,1,75563652
5.0,32.65290081639743,87.0638757160753,91.32182417440552,-6.636878274786767,6.636878274786767,-0.06775179855234487,0.06775179855234487,1,75563652
5.0,32.65290081639743,88.35748814446777,89.63408266510204,-8.324619784090245,8.324619784090245,-0.08498091109779583,0.08498091109779583,1,75563652
5.0,32.65290081639743,89.65110057286024,87.70841842400922,-10.250284025183063,10.250284025183063,-0.10463883012843625,0.10463883012843625,1,75563652
5.0,32.65290081639743,90.94471300125272,85.477763362511,-12.480939086681289,12.480939086681289,-0.12741021241226333,0.12741021241226333,1,75563652
5.0,32.65290081639743,92.23832542964519,82.88623903624357,-15.072463412948721,15.072463412948721,-0.15386548653772006,0.15386548653772006,1,75563652
5.0,32.65290081639743,93.53193785803765,79.87363560194906,-18.085066847243226,18.085066847243226,-0.18461929767417357,0.18461929767417357,1,75563652
5.0,32.65290081639743,94.82555028643011,76.86994259812234,-21.088759851069952,21.088759851069952,-0.21528214771942233,0.21528214771942233,1,75563652
5.0,32.65290081639743,96.11916271482258,73.07788821203707,-24.88081423715522,24.88081423715522,-0.25399289307716194,0.25399289307716194,1,75563652
5.0,32.65290081639743,97.41277514321506,68.98498445286418,-28.973717996328105,28.973717996328105,-0.2957748242056978,0.2957748242056978,1,75563652
5.0,32.65290081639743,98.70638757160754,64.61543959223634,-33.343262856955945,33.343262856955945,-0.34038081378476726,0.34038081378476726,1,75563652
5.0,32.65290081639743,100.0,60.00000238418597,-37.95870006500632,37.95870006500632,-0.38749696674161394,0.38749696674161394,1,75563652
5.0,33.350352140477206,65.10642450996185,105.4433829668745,5.392326545442884,5.392326545442884,0.05389574821408694,0.05389574821408694,1,75791076
5.0,33.350352140477206,66.35262363460608,105.30430662318616,5.253250201754554,5.253250201754554,0.0525056944888917,0.0525056944888917,1,75791076
5.0,33.350352140477206,67.5988227592503,105.04474222251231,4.9936858010807015,4.9936858010807015,0.049911375048819775,0.049911375048819775,1,75791076
5.0,33.350352140477206,68.84502188389452,104.76408318550796,4.713026764076346,4.713026764076346,0.04710621689214652,0.04710621689214652,1,75791076
5.0,33.350352140477206,70.09122100853874,104.54641123036814,4.495354808936526,4.495354808936526,0.04493060812872727,0.04493060812872727,1,75791076
5.0,33.350352140477206,71.33742013318295,104.29982833826014,4.248771916828531,4.248771916828531,0.04246603752919909,0.04246603752919909,1,75791076
5.0,33.350352140477206,72.58361925782717,103.89399756455737,3.8429411431257563,3.8429411431257563,0.038409800761509724,0.038409800761509724,1,75791076
5.0,33.350352140477206,73.82981838247139,103.40216453340527,3.3511081119736588,3.3511081119736588,0.03349398029200448,0.03349398029200448,1,75791076
5.0,33.350352140477206,75.07601750711561,102.91090289082673,2.859846469395123,2.859846469395123,0.028583870792417986,0.028583870792417986,1,75791076
5.0,33.350352140477206,76.32221663175983,102.35034093808153,2.2992845166499194,2.2992845166499194,0.02298111183319197,0.02298111183319197,1,75791076
5.0,33.350352140477206,77.56841575640405,101.60788654774532,1.556830126313713,1.556830126313713,0.015560356701843175,0.015560356701843175,1,75791076
5.0,33.350352140477206,78.6686336557752,100.84191799748693,0.7908615760553204,0.7908615760553204,0.007904579964893929,0.007904579964893929,1,75791076
5.0,33.350352140477206,79.75803443857326,100.05096683707664,-8.958435496708717e-5,8.958435496708717e-5,-8.953863974183644e-7,8.953863974183644e-7,1,75791076
5.0,33.350352140477206,79.76885155514634,100.04300660584374,-0.008049815587867215,0.008049815587867215,-8.045707737417643e-5,8.045707737417643e-5,1,75791076
5.0,33.350352140477206,79.91483278041942,99.93527685446541,-0.11577956696619651,0.11577956696619651,-0.0011572048422808631,0.0011572048422808631,1,75791076
5.0,33.350352140477206,80.06081400569249,99.82689870726959,-0.22415771416201835,0.22415771416201835,-0.0022404332565748126,0.0022404332565748126,1,75791076
5.0,33.350352140477206,81.30701313033671,98.85173367276685,-1.1993227486647555,1.1993227486647555,-0.011987107298627708,0.011987107298627708,1,75791076
5.0,33.350352140477206,82.55321225498093,97.70509686122867,-2.3459595602029424,2.3459595602029424,-0.023447624084261265,0.023447624084261265,1,75791076
5.0,33.350352140477206,83.79941137962516,96.3534720774738,-3.697584343957814,3.697584343957814,-0.03695697453091327,0.03695697453091327,1,75791076
5.0,33.350352140477206,85.04561050426936,94.87954350145168,-5.171512919979932,5.171512919979932,-0.051688738779495376,0.051688738779495376,1,75791076
5.0,33.350352140477206,86.29180962891358,93.344517237243,-6.706539184188614,6.706539184188614,-0.0670311681261971,0.0670311681261971,1,75791076
5.0,33.350352140477206,87.5380087535578,91.73631323208967,-8.31474318934194,8.31474318934194,-0.08310500145364648,0.08310500145364648,1,75791076
5.0,33.350352140477206,88.78420787820203,89.97391372235177,-10.077142699079843,10.077142699079843,-0.10072000296162041,0.10072000296162041,1,75791076
5.0,33.350352140477206,90.03040700284625,87.9408381575508,-12.11021826388081,12.11021826388081,-0.12104038375037807,0.12104038375037807,1,75791076
5.0,33.350352140477206,91.27660612749047,85.57700929667122,-14.47404712476039,14.47404712476039,-0.14466660965370828,0.14466660965370828,1,75791076
5.0,33.350352140477206,92.52280525213469,82.84776124914688,-17.203295172284726,17.203295172284726,-0.17194516267596016,0.17194516267596016,1,75791076
5.0,33.350352140477206,93.7690043767789,80.5495583462951,-19.50149807513651,19.50149807513651,-0.1949154638906857,0.1949154638906857,1,75791076
5.0,33.350352140477206,95.01520350142312,77.01120134365182,-23.03985507777979,23.03985507777979,-0.23028097755142243,0.23028097755142243,1,75791076
5.0,33.350352140477206,96.26140262606734,73.16814512052403,-26.88291130090758,26.88291130090758,-0.268691928525695,0.268691928525695,1,75791076
5.0,33.350352140477206,97.50760175071156,69.03524568724428,-31.015810734187326,31.015810734187326,-0.3099998325209441,0.3099998325209441,1,75791076
5.0,33.350352140477206,98.75380087535578,64.63606857116329,-35.41498785026832,35.41498785026832,-0.35396915451941385,0.35396915451941385,1,75791076
5.0,33.350352140477206,100.0,60.00000238418597,-40.05105403724564,40.05105403724564,-0.4003061583732207,0.4003061583732207,1,75791076
5.0,34.047803464556985,66.43471981490474,107.23642580615665,5.093015412485684,5.093015412485684,0.04986141928154436,0.04986141928154436,1,73237843
5.0,34.047803464556985,67.6334798215153,107.03176982644315,4.888359432772191,4.888359432772191,0.0478578051577871,0.0478578051577871,1,73237843
5.0,34.047803464556985,68.83223982812584,106.69137102892992,4.54796063525896,4.54796063525896,0.04452524756840077,0.04452524756840077,1,73237843
5.0,34.047803464556985,70.03099983473638,106.39123243460091,4.247822040929947,4.247822040929947,0.04158684367947393,0.04158684367947393,1,73237843
5.0,34.047803464556985,71.22975984134692,106.15438190718524,4.010971513514278,4.010971513514278,0.03926803988681787,0.03926803988681787,1,73237843
5.0,34.047803464556985,72.42851984795746,105.83457431920888,3.6911639255379214,3.6911639255379214,0.03613707346672492,0.03613707346672492,1,73237843
5.0,34.047803464556985,73.627279854568,105.3451155134596,3.2017051197886417,3.2017051197886417,0.03134519502970332,0.03134519502970332,1,73237843
5.0,34.047803464556985,74.82603986117854,104.80201120634817,2.658600812677207,2.658600812677207,0.026028118724748788,0.026028118724748788,1,73237843
5.0,34.047803464556985,76.0247998677891,104.26137194278111,2.1179615491101487,2.1179615491101487,0.020735175582519833,0.020735175582519833,1,73237843
5.0,34.047803464556985,77.22355987439965,103.62670339890306,1.483293005232099,1.483293005232099,0.014521671045790803,0.014521671045790803,1,73237843
5.0,34.047803464556985,78.4223198810102,102.79621093379616,0.6528005401251988,0.6528005401251988,0.006391019622403834,0.006391019622403834,1,73237843
5.0,34.047803464556985,78.85062912686453,102.46257470647512,0.3191643128041619,0.3191643128041619,0.0031246686553158013,0.0031246686553158013,1,73237843
5.0,34.047803464556985,79.24906497462015,102.14335703532731,-5.335834364927905e-5,5.335834364927905e-5,-5.223865489083499e-7,5.223865489083499e-7,1,73237843
5.0,34.047803464556985,79.27893837271887,102.1191931859518,-0.024217207719161138,0.024217207719161138,-0.00023709025991814438,0.00023709025991814438,1,73237843
5.0,34.047803464556985,80.04938913347507,101.48963996151876,-0.6537704321522,0.6537704321522,-0.006400515017390775,0.006400515017390775,1,73237843
5.0,34.047803464556985,80.81983989423128,100.84973952048058,-1.2936708731903792,1.2936708731903792,-0.012665240647482218,0.012665240647482218,1,73237843
5.0,34.047803464556985,82.01859990084182,99.79536414509685,-2.348046248574107,2.348046248574107,-0.022987740858901234,0.022987740858901234,1,73237843
5.0,34.047803464556985,83.21735990745236,98.56499065962532,-3.5784197340456387,3.5784197340456387,-0.03503329015796564,0.03503329015796564,1,73237843
5.0,34.047803464556985,84.4161199140629,97.11265548552535,-5.03075490814561,5.03075490814561,-0.04925187918394907,0.04925187918394907,1,73237843
5.0,34.047803464556985,85.61487992067346,95.52283738918838,-6.62057300448258,6.62057300448258,-0.0648164475707853,0.0648164475707853,1,73237843
5.0,34.047803464556985,86.81363992728402,93.87301252389899,-8.27039786977197,8.27039786977197,-0.0809684916324707,0.0809684916324707,1,73237843
5.0,34.047803464556985,88.01239993389456,92.16748515055406,-9.975925243116905,9.975925243116905,-0.09766587198007866,0.09766587198007866,1,73237843
5.0,34.047803464556985,89.2111599405051,90.31051971202389,-11.832890681647072,11.832890681647072,-0.11584585472564429,0.11584585472564429,1,73237843
5.0,34.047803464556985,90.40991994711564,88.16805726417888,-13.975353129492078,13.975353129492078,-0.13682089794759802,0.13682089794759802,1,73237843
5.0,34.047803464556985,91.60867995372618,85.66810707460718,-16.475303319063784,16.475303319063784,-0.16129580220169182,0.16129580220169182,1,73237843
5.0,34.047803464556985,92.80743996033672,82.79004375121231,-19.353366642458653,19.353366642458653,-0.18947249330983598,0.18947249330983598,1,73237843
5.0,34.047803464556985,94.00619996694726,80.69073475533843,-21.452675638332536,21.452675638332536,-0.2100250574721538,0.2100250574721538,1,73237843
5.0,34.047803464556985,95.20495997355782,77.10088033680937,-25.042530056861594,25.042530056861594,-0.24517029498374068,0.24517029498374068,1,73237843
5.0,34.047803464556985,96.40371998016838,73.2182307744807,-28.92517961919026,28.92517961919026,-0.2831820428523946,0.2831820428523946,1,73237843
5.0,34.047803464556985,97.60247998677892,69.05784741746866,-33.0855629762023,33.0855629762023,-0.32391284810921445,0.32391284810921445,1,73237843
5.0,34.047803464556985,98.80123999338946,64.64247951306258,-37.50093088060838,37.50093088060838,-0.3671399920570111,0.3671399920570111,1,73237843
5.0,34.047803464556985,100.0,60.00000238418597,-42.14340800948499,42.14340800948499,-0.41259057091456086,0.41259057091456086,1,73237843
5.0,34.74525478863676,67.76264471248126,109.14664915455648,4.910884788646214,4.910884788646214,0.04711324197141199,0.04711324197141199,1,75148279
5.0,34.74525478863676,68.91397882989264,108.84874035528587,4.612975989375599,4.612975989375599,0.044255213337162876,0.044255213337162876,1,75148279
5.0,34.74525478863676,70.06531294730402,108.46189522603184,4.226130860121572,4.226130860121572,0.04054396191009949,0.04054396191009949,1,75148279
5.0,34.74525478863676,71.2166470647154,108.16093208703411,3.9251677211238416,3.9251677211238416,0.03765663105174625,0.03765663105174625,1,75148279
5.0,34.74525478863676,72.3679811821268,107.89205810846032,3.656293742550048,3.656293742550048,0.03507715192373855,0.03507715192373855,1,75148279
5.0,34.74525478863676,73.51931529953818,107.47836704857099,3.242602682660717,3.242602682660717,0.03110835040531628,0.03110835040531628,1,75148279
5.0,34.74525478863676,74.67064941694956,106.90540529983393,2.6696409339236595,2.6696409339236595,0.025611563844364638,0.025611563844364638,1,75148279
5.0,34.74525478863676,75.82198353436095,106.31178310888936,2.0760187429790875,2.0760187429790875,0.019916568517609853,0.019916568517609853,1,75148279
5.0,34.74525478863676,76.97331765177233,105.72208041804693,1.486316052136658,1.486316052136658,0.014259175448832316,0.014259175448832316,1,75148279
5.0,34.74525478863676,78.03391422001503,105.0713594843649,0.8355951184546342,0.8355951184546342,0.008016395558067314,0.008016395558067314,1,75148279
5.0,34.74525478863676,79.09451078825774,104.24343832329751,0.007673957387240193,0.007673957387240193,7.362115521407275e-5,7.362115521407275e-5,1,75148279
5.0,34.74525478863676,79.10353733800373,104.2357148992059,-4.946670436822842e-5,4.946670436822842e-5,-4.745655646039109e-7,4.745655646039109e-7,1,75148279
5.0,34.74525478863676,79.18524833742642,104.16538999380269,-0.07037437210757957,0.07037437210757957,-0.0006751461222132614,0.0006751461222132614,1,75148279
5.0,34.74525478863676,79.2759858865951,104.08647767180445,-0.1492866941058253,0.1492866941058253,-0.0014322022293784672,0.0014322022293784672,1,75148279
5.0,34.74525478863676,80.42732000400648,103.04234604740483,-1.1934183185054366,1.1934183185054366,-0.011449221155188625,0.011449221155188625,1,75148279
5.0,34.74525478863676,81.57865412141787,101.97360944604742,-2.2621549198628514,2.2621549198628514,-0.021702291278085324,0.021702291278085324,1,75148279
5.0,34.74525478863676,82.72998823882925,100.84753035896286,-3.388234006947414,3.388234006947414,-0.032505484346556174,0.032505484346556174,1,75148279
5.0,34.74525478863676,83.88132235624063,99.53483041182861,-4.700933954081663,4.700933954081663,-0.04509905004945766,0.04509905004945766,1,75148279
5.0,34.74525478863676,85.03265647365201,97.98321726602211,-6.252547099888162,6.252547099888162,-0.0599846620584002,0.0599846620584002,1,75148279
5.0,34.74525478863676,86.18399059106339,96.26709867317696,-7.96866569273331,7.96866569273331,-0.07644847947543251,0.07644847947543251,1,75148279
5.0,34.74525478863676,87.33532470847479,94.49023013207675,-9.745534233833524,9.745534233833524,-0.09349510979381993,0.09349510979381993,1,75148279
5.0,34.74525478863676,88.48665882588617,92.66897510564607,-11.566789260264201,11.566789260264201,-0.11096756790366144,0.11096756790366144,1,75148279
5.0,34.74525478863676,89.63799294329755,90.6961396067551,-13.539624759155174,13.539624759155174,-0.1298942339178858,0.1298942339178858,1,75148279
5.0,34.74525478863676,90.78932706070893,88.43900230530078,-15.796762060609495,15.796762060609495,-0.15154838799048265,0.15154838799048265,1,75148279
5.0,34.74525478863676,91.94066117812031,85.8090817079313,-18.426682657978972,18.426682657978972,-0.17677888937710248,0.17677888937710248,1,75148279
5.0,34.74525478863676,93.0919952955317,82.7793619714758,-21.456402394434477,21.456402394434477,-0.2058449182481524,0.2058449182481524,1,75148279
5.0,34.74525478863676,94.24332941294308,80.76929139985553,-23.466472966054738,23.466472966054738,-0.22512880400318067,0.22512880400318067,1,75148279
5.0,34.74525478863676,95.39466353035446,77.13855240278754,-27.09721196312273,27.09721196312273,-0.25996079299615826,0.25996079299615826,1,75148279
5.0,34.74525478863676,96.54599764776586,73.22805701784192,-31.00770734806835,31.00770734806835,-0.2974766629927381,0.2974766629927381,1,75148279
5.0,34.74525478863676,97.69733176517724,69.05287148704123,-35.18289287886904,35.18289287886904,-0.3375318739483951,0.3375318739483951,1,75148279
5.0,34.74525478863676,98.84866588258862,64.63477351313864,-39.60099085277163,39.60099085277163,-0.3799174985061357,0.3799174985061357,1,75148279
5.0,34.74525478863676,100.0,60.00000238418597,-44.2357619817243,44.2357619817243,-0.42438180648283674,0.42438180648283674,1,75148279
5.0,35.442706112716536,69.09153508897107,111.18531415351055,4.857195815360939,4.857195815360939,0.045681197892676516,0.045681197892676516,1,73312521
5.0,35.442706112716536,70.19540883579353,110.80779310685156,4.479674768701955,4.479674768701955,0.04213066909032929,0.04213066909032929,1,73312521
5.0,35.442706112716536,71.299282582616,110.41831497314993,4.090196635000325,4.090196635000325,0.03846768567833103,0.03846768567833103,1,73312521
5.0,35.442706112716536,72.40315632943846,110.12953165140196,3.801413313252354,3.801413313252354,0.035751721864981406,0.035751721864981406,1,73312521
5.0,35.442706112716536,73.50703007626092,109.79228833287519,3.46416999472558,3.46416999472558,0.032579999052636914,0.032579999052636914,1,73312521
5.0,35.442706112716536,74.61090382308338,109.27503948375501,2.946921145605401,2.946921145605401,0.027715351232243817,0.027715351232243817,1,73312521
5.0,35.442706112716536,75.71477756990583,108.62837667164452,2.3002583334949094,2.3002583334949094,0.02163358450658857,0.02163358450658857,1,73312521
5.0,35.442706112716536,76.8186513167283,107.99078328850386,1.6626649503542552,1.6626649503542552,0.015637114399660222,0.015637114399660222,1,73312521
5.0,35.442706112716536,77.92252506355076,107.34492769487653,1.0168093567269239,1.0168093567269239,0.009562939442727836,0.009562939442727836,1,73312521
5.0,35.442706112716536,78.58487801264866,106.88726866609242,0.5591503279428167,0.5591503279428167,0.005258724942019391,0.005258724942019391,1,73312521
5.0,35.442706112716536,79.24723096174657,106.35306516125239,0.024946823102780513,0.024946823102780513,0.00023462112837775866,0.00023462112837775866,1,73312521
5.0,35.442706112716536,79.27597612156544,106.32812565351003,7.315360420534489e-6,7.315360420534489e-6,6.87998671928891e-8,6.87998671928891e-8,1,73312521
5.0,35.442706112716536,79.68875175947113,105.95518708253577,-0.37293125561383533,0.37293125561383533,-0.0035073625061982387,0.0035073625061982387,1,73312521
5.0,35.442706112716536,80.1302725571957,105.52953751423257,-0.7985808239170353,0.7985808239170353,-0.007510532833632507,0.007510532833632507,1,73312521
5.0,35.442706112716536,81.23414630401815,104.39714289691615,-1.930975441233457,1.930975441233457,-0.01816053431033623,0.01816053431033623,1,73312521
5.0,35.442706112716536,82.33802005084061,103.2541016287622,-3.074016709387408,3.074016709387408,-0.02891066594079355,0.02891066594079355,1,73312521
5.0,35.442706112716536,83.44189379766307,102.04951936562203,-4.2785989725275755,4.2785989725275755,-0.040239581395775076,0.040239581395775076,1,73312521
5.0,35.442706112716536,84.54576754448553,100.65006849007908,-5.678049848070529,5.678049848070529,-0.05340120691323561,0.05340120691323561,1,73312521
5.0,35.442706112716536,85.649641291308,99.00430661732358,-7.323811720826029,7.323811720826029,-0.06887935040413773,0.06887935040413773,1,73312521
5.0,35.442706112716536,86.75351503813046,97.16407471806612,-9.16404362008349,9.16404362008349,-0.08618645531692354,0.08618645531692354,1,73312521
5.0,35.442706112716536,87.85738878495292,95.24201176899533,-11.086106569154282,11.086106569154282,-0.10426316897565828,0.10426316897565828,1,73312521
5.0,35.442706112716536,88.96126253177539,93.27652006497446,-13.051598273175145,13.051598273175145,-0.12274832355885248,0.12274832355885248,1,73312521
5.0,35.442706112716536,90.06513627859785,91.16676610541212,-15.161352232737485,15.161352232737485,-0.14259024301098464,0.14259024301098464,1,73312521
5.0,35.442706112716536,91.1690100254203,88.78868036005952,-17.539437978090092,17.539437978090092,-0.16495578264923638,0.16495578264923638,1,73312521
5.0,35.442706112716536,92.27288377224276,86.0444185269978,-20.283699811151806,20.283699811151806,-0.19076515345305597,0.19076515345305597,1,73312521
5.0,35.442706112716536,93.37675751906522,82.8841866329985,-23.4439317051511,23.4439317051511,-0.22048666026980393,0.22048666026980393,1,73312521
5.0,35.442706112716536,94.4806312658877,80.78304360285101,-25.5450747352986,25.5450747352986,-0.24024759522273278,0.24024759522273278,1,73312521
5.0,35.442706112716536,95.58450501271015,77.12270914174788,-29.20540919640173,29.20540919640173,-0.2746724916500576,0.2746724916500576,1,73312521
5.0,35.442706112716536,96.68837875953261,73.19666093800247,-33.13145740014714,33.13145740014714,-0.31159638596049394,0.31159638596049394,1,73312521
5.0,35.442706112716536,97.79225250635508,69.01977576500195,-37.308342573147655,37.308342573147655,-0.35087936433237665,0.35087936433237665,1,73312521
5.0,35.442706112716536,98.89612625317754,64.61272125903228,-41.715397079117324,41.715397079117324,-0.3923270507473111,0.3923270507473111,1,73312521
5.0,35.442706112716536,100.0,60.00000238418597,-46.32811595396364,46.32811595396364,-0.4357089796946168,0.4357089796946168,1,73312521
5.0,36.14015743679631,70.41896214345252,113.35275046692742,4.932278156538487,4.932278156538487,0.04549212940539711,0.04549212940539711,1,75191045
5.0,36.14015743679631,71.47542778118635,112.94618937064642,4.525717060257492,4.525717060257492,0.04174227398033419,0.04174227398033419,1,75191045
5.0,36.14015743679631,72.53189341892019,112.59685814924232,4.176385838853392,4.176385838853392,0.038520269741097665,0.038520269741097665,1,75191045
5.0,36.14015743679631,73.58835905665404,112.27855783150316,3.8580855211142335,3.8580855211142335,0.03558447439768761,0.03558447439768761,1,75191045
5.0,36.14015743679631,74.64482469438788,111.8385946867743,3.4181223763853694,3.4181223763853694,0.03152654017776164,0.03152654017776164,1,75191045
5.0,36.14015743679631,75.70129033212172,111.22704175697156,2.8065694465826283,2.8065694465826283,0.025885973255566613,0.025885973255566613,1,75191045
5.0,36.14015743679631,76.75775596985555,110.5326835100112,2.1122111996222657,2.1122111996222657,0.019481663883324292,0.019481663883324292,1,75191045
5.0,36.14015743679631,77.81422160758939,109.85368730750741,1.4332149971184833,1.4332149971184833,0.013219044029022844,0.013219044029022844,1,75191045
5.0,36.14015743679631,78.87068724532323,109.12386651523933,0.7033942048503974,0.7033942048503974,0.006487651177507346,0.006487651177507346,1,75191045
5.0,36.14015743679631,79.28347362716241,108.79574357205645,0.3752712616675211,0.3752712616675211,0.003461258318384602,0.003461258318384602,1,75191045
5.0,36.14015743679631,79.69626000900159,108.43658585860307,0.01611354821413613,0.01611354821413613,0.00014862090037761364,0.00014862090037761364,1,75191045
5.0,36.14015743679631,79.71400880920352,108.4204294646777,-4.284571123491787e-5,4.284571123491787e-5,-3.9518100522803537e-7,3.9518100522803537e-7,1,75191045
5.0,36.14015743679631,80.33993926489624,107.81449553408963,-0.6059767762993005,0.6059767762993005,-0.00558913610489073,0.00558913610489073,1,75191045
5.0,36.14015743679631,80.9836185207909,107.12810684896975,-1.2923654614191804,1.2923654614191804,-0.011919939416232787,0.011919939416232787,1,75191045
5.0,36.14015743679631,82.04008415852473,105.92516212852766,-2.495310181861271,2.495310181861271,-0.023015120010892707,0.023015120010892707,1,75191045
5.0,36.14015743679631,83.09654979625859,104.69831961683711,-3.72215269355182,3.72215269355182,-0.03433071830655695,0.03433071830655695,1,75191045
5.0,36.14015743679631,84.15301543399242,103.39582673042375,-5.024645579965181,5.024645579965181,-0.046344066511539404,0.046344066511539404,1,75191045
5.0,36.14015743679631,85.20948107172626,101.90195083420954,-6.518521476179387,6.518521476179387,-0.06012260726477925,0.06012260726477925,1,75191045
5.0,36.14015743679631,86.2659467094601,100.16380585707033,-8.256666453318601,8.256666453318601,-0.0761541273282891,0.0761541273282891,1,75191045
5.0,36.14015743679631,87.32241234719393,98.21570602918364,-10.204766281205295,10.204766281205295,-0.09412213453554072,0.09412213453554072,1,75191045
5.0,36.14015743679631,88.37887798492778,96.14747591163018,-12.27299639875875,12.27299639875875,-0.11319814549067171,0.11319814549067171,1,75191045
5.0,36.14015743679631,89.43534362266162,94.00586109422949,-14.414611216159443,14.414611216159443,-0.13295100924199002,0.13295100924199002,1,75191045
5.0,36.14015743679631,90.49180926039546,91.73790015149456,-16.682572158894374,16.682572158894374,-0.1538692075711963,0.1538692075711963,1,75191045
5.0,36.14015743679631,91.54827489812929,89.23115609528016,-19.189316215108775,19.189316215108775,-0.17698978621097594,0.17698978621097594,1,75191045
5.0,36.14015743679631,92.60474053586313,86.38383716487614,-22.03663514551279,22.03663514551279,-0.20325160623194613,0.20325160623194613,1,75191045
5.0,36.14015743679631,93.66120617359697,84.15089884487887,-24.269573465510064,24.269573465510064,-0.2238467786418648,0.2238467786418648,1,75191045
5.0,36.14015743679631,94.7176718113308,80.73192437568015,-27.68854793470878,27.68854793470878,-0.25538117797016496,0.25538117797016496,1,75191045
5.0,36.14015743679631,95.77413744906464,77.05366934036613,-31.366802970022803,31.366802970022803,-0.28930701279574866,0.28930701279574866,1,75191045
5.0,36.14015743679631,96.83060308679848,73.12454254829795,-35.29592976209098,35.29592976209098,-0.32554672572394705,0.32554672572394705,1,75191045
5.0,36.14015743679631,97.88706872453233,68.95904995166406,-39.461422358724874,39.461422358724874,-0.3639665232757306,0.3639665232757306,1,75191045
5.0,36.14015743679631,98.94353436226616,64.57663501510824,-43.84383729528069,43.84383729528069,-0.4043870715648925,0.4043870715648925,1,75191045
5.0,36.14015743679631,100.0,60.00000238418597,-48.42046992620296,48.42046992620296,-0.4465989576911599,0.4465989576911599,1,75191045
5.0,36.83760876087609,71.7472778237874,115.65050519471501,5.137678912086756,5.137678912086756,0.04648943552441169,0.04648943552441169,1,75202108
5.0,36.83760876087609,72.75630361579499,115.2732829644386,4.760456681810339,4.760456681810339,0.04307605589269637,0.04307605589269637,1,75202108
5.0,36.83760876087609,73.76532940780258,114.91821315127541,4.405386868647156,4.405386868647156,0.03986312735664465,0.03986312735664465,1,75202108
5.0,36.83760876087609,74.77435519981017,114.51354917885422,4.000722896225966,4.000722896225966,0.036201434989947844,0.036201434989947844,1,75202108
5.0,36.83760876087609,75.78338099181776,113.97357375817086,3.460747475542604,3.460747475542604,0.031315346751625034,0.031315346751625034,1,75202108
5.0,36.83760876087609,76.79240678382536,113.49876254167667,2.9859362590484153,2.9859362590484153,0.02701891137425178,0.02701891137425178,1,75202108
5.0,36.83760876087609,77.80143257583296,112.56811321596325,2.0552869333349975,2.0552869333349975,0.018597723019758407,0.018597723019758407,1,75202108
5.0,36.83760876087609,78.81045836784055,111.82421750851417,1.311391225885913,1.311391225885913,0.011866416505647303,0.011866416505647303,1,75202108
5.0,36.83760876087609,79.81948415984814,110.99567766500411,0.48285138237585556,0.48285138237585556,0.004369188614731465,0.004369188614731465,1,75202108
5.0,36.83760876087609,80.07190457618093,110.76359466138484,0.2507683787565895,0.2507683787565895,0.002269133703225255,0.002269133703225255,1,75202108
5.0,36.83760876087609,80.32432499251371,110.5197020442202,0.006875761591942364,0.006875761591942364,6.221686498504816e-5,6.221686498504816e-5,1,75202108
5.0,36.83760876087609,80.33138824369027,110.51270484148141,-0.0001214411468453136,0.0001214411468453136,-1.0988873502767632e-6,1.0988873502767632e-6,1,75202108
5.0,36.83760876087609,81.08093036818852,109.7182775573001,-0.7945487253281556,0.7945487253281556,-0.007189651663564887,0.007189651663564887,1,75202108
5.0,36.83760876087609,81.83753574386333,108.82826347040864,-1.6845628122196104,1.6845628122196104,-0.015243142980629846,0.015243142980629846,1,75202108
5.0,36.83760876087609,82.84656153587092,107.56450535180431,-2.9483209308239395,2.9483209308239395,-0.026678540672589714,0.026678540672589714,1,75202108
5.0,36.83760876087609,83.85558732787851,106.24347076515598,-4.2693555174722775,4.2693555174722775,-0.03863221728266836,0.03863221728266836,1,75202108
5.0,36.83760876087609,84.8646131198861,104.82809964212026,-5.684726640507989,5.684726640507989,-0.05143951911943441,0.05143951911943441,1,75202108
5.0,36.83760876087609,85.87363891189369,103.23246974079586,-7.28035654183239,7.28035654183239,-0.06587793278595033,0.06587793278595033,1,75202108
5.0,36.83760876087609,86.8826647039013,101.40098612936782,-9.111840153260431,9.111840153260431,-0.08245052144406825,0.08245052144406825,1,75202108
5.0,36.83760876087609,87.89169049590889,99.35354911101628,-11.159277171611976,11.159277171611976,-0.10097721275422784,0.10097721275422784,1,75202108
5.0,36.83760876087609,88.90071628791648,97.15448963197736,-13.358336650650898,13.358336650650898,-0.12087589377623874,0.12087589377623874,1,75202108
5.0,36.83760876087609,89.90974207992407,94.84071014988218,-15.67211613274607,15.67211613274607,-0.14181264437727625,0.14181264437727625,1,75202108
5.0,36.83760876087609,90.91876787193166,92.39730285328059,-18.11552342934766,18.11552342934766,-0.16392236122003223,0.16392236122003223,1,75202108
5.0,36.83760876087609,91.92779366393925,89.75348802265381,-20.75933825997444,20.75933825997444,-0.18784551041056533,0.18784551041056533,1,75202108
5.0,36.83760876087609,92.93681945594685,86.80988168350383,-23.70294459912442,23.70294459912442,-0.2144813900470333,0.2144813900470333,1,75202108
5.0,36.83760876087609,93.94584524795444,84.0527768041204,-26.460049478507855,26.460049478507855,-0.23942966955562484,0.23942966955562484,1,75202108
5.0,36.83760876087609,94.95487103996203,80.61316587093549,-29.899660411692764,29.899660411692764,-0.2705537575812841,0.2705537575812841,1,75202108
5.0,36.83760876087609,95.96389683196963,76.92942275892199,-33.58340352370627,33.58340352370627,-0.3038869301724239,0.3038869301724239,1,75202108
5.0,36.83760876087609,96.97292262397723,73.01033146762245,-37.502494815005804,37.502494815005804,-0.3393497033466142,0.3393497033466142,1,75202108
5.0,36.83760876087609,97.98194841598482,68.86985947293738,-41.642966809690876,41.642966809690876,-0.3768156892774791,0.3768156892774791,1,75202108
5.0,36.83760876087609,98.99097420799241,64.52613006339234,-45.98669621923591,45.98669621923591,-0.4161208953395906,0.4161208953395906,1,75202108
5.0,36.83760876087609,100.0,60.00000238418597,-50.512823898442285,50.512823898442285,-0.4570765728971543,0.4570765728971543,1,75202108
