c,p,vb,debt,debt_diff,abs_debt_diff,debt_per_diff,abs_debt_per_diff,count,time
9.0,15.666641664166415,61.044946853444316,159.00132090677582,80.66811258594375,80.66811258594375,1.0298073360604423,1.0298073360604423,1,68567358
9.0,15.666641664166415,62.12233914584212,158.9646502606593,80.63144193982724,80.63144193982724,1.0293391994054708,1.0293391994054708,1,68567358
9.0,15.666641664166415,63.199731438239915,158.84675989054747,80.5135515697154,80.5135515697154,1.027834213555421,1.027834213555421,1,68567358
9.0,15.666641664166415,64.27712373063771,158.68480052247014,80.35159220163807,80.35159220163807,1.0257666438547905,1.0257666438547905,1,68567358
9.0,15.666641664166415,65.35451602303552,158.44966630113603,80.11645798030396,80.11645798030396,1.022764925600496,1.022764925600496,1,68567358
9.0,15.666641664166415,66.43190831543332,157.96794637535538,79.63473805452331,79.63473805452331,1.0166152997124862,1.0166152997124862,1,68567358
9.0,15.666641664166415,67.50930060783112,157.77577724488052,79.44256892404844,79.44256892404844,1.0141620728551386,1.0141620728551386,1,68567358
9.0,15.666641664166415,68.58669290022891,157.31779731504813,78.98458899421605,78.98458899421605,1.0083155112288533,1.0083155112288533,1,68567358
9.0,15.666641664166415,69.66408519262671,156.68965806891575,78.35644974808368,78.35644974808368,1.000296699544801,1.000296699544801,1,68567358
9.0,15.666641664166415,70.74147748502452,155.87694239914381,77.54373407831174,77.54373407831174,0.9899215893304555,0.9899215893304555,1,68567358
9.0,15.666641664166415,71.81886977742232,154.75277268983737,76.4195643690053,76.4195643690053,0.9755704637554358,0.9755704637554358,1,68567358
9.0,15.666641664166415,72.89626206982012,154.02129681408056,75.68808849324849,75.68808849324849,0.9662324589495955,0.9662324589495955,1,68567358
9.0,15.666641664166415,73.97365436221791,152.96290972920514,74.62970140837307,74.62970140837307,0.9527211128990093,0.9527211128990093,1,68567358
9.0,15.666641664166415,75.05104665461572,151.6020701725335,73.26886185170143,73.26886185170143,0.9353486653018421,0.9353486653018421,1,68567358
9.0,15.666641664166415,76.12843894701352,149.40137498297972,71.06816666214765,71.06816666214765,0.9072546393232263,0.9072546393232263,1,68567358
9.0,15.666641664166415,77.20583123941132,148.5295624232699,70.19635410243784,70.19635410243784,0.8961250995226975,0.8961250995226975,1,68567358
9.0,15.666641664166415,78.28322353180913,147.08076505421124,68.74755673337917,68.74755673337917,0.8776297844434942,0.8776297844434942,1,68567358
9.0,15.666641664166415,79.36061582420692,145.5311039774971,67.19789565666504,67.19789565666504,0.8578468455095093,0.8578468455095093,1,68567358
9.0,15.666641664166415,80.43800811660472,143.77573552508343,65.44252720425136,65.44252720425136,0.8354378507799158,0.8354378507799158,1,68567358
9.0,15.666641664166415,81.51540040900252,141.78902717981126,63.455818858979185,63.455818858979185,0.8100755761091893,0.8100755761091893,1,68567358
9.0,15.666641664166415,82.59279270140033,139.61736173423043,61.28415341339836,61.28415341339836,0.7823521431982551,0.7823521431982551,1,68567358
9.0,15.666641664166415,83.67018499379813,137.34991987128632,59.01671155045425,59.01671155045425,0.7534060306675737,0.7534060306675737,1,68567358
9.0,15.666641664166415,84.74757728619592,135.0046149576052,56.67140663677314,56.67140663677314,0.7234659201581796,0.7234659201581796,1,68567358
9.0,15.666641664166415,85.82496957859372,132.55739433882943,54.224186017997354,54.224186017997354,0.6922247560180281,0.6922247560180281,1,68567358
9.0,15.666641664166415,86.90236187099153,129.9963438775858,51.663135556753716,51.663135556753716,0.6595304426336682,0.6595304426336682,1,68567358
9.0,15.666641664166415,87.97975416338932,127.33217158764649,48.998963266814414,48.998963266814414,0.6255196782714125,0.6255196782714125,1,68567358
9.0,15.666641664166415,89.05714645578712,124.48147675947303,46.148268438640955,46.148268438640955,0.5891277713231133,0.5891277713231133,1,68567358
9.0,15.666641664166415,90.13453874818492,121.22317312892504,42.88996480809297,42.88996480809297,0.5475323394444287,0.5475323394444287,1,68567358
9.0,15.666641664166415,91.21193104058273,117.30620341142075,38.97299509058868,38.97299509058868,0.49752839090881634,0.49752839090881634,1,68567358
9.0,16.115107563387916,62.311315920302796,161.35976643027604,80.78422861333647,80.78422861333647,1.002590001904437,1.002590001904437,1,70325198
9.0,16.115107563387916,63.34348074602708,161.27096743110823,80.69542961416866,80.69542961416866,1.0014879428729533,1.0014879428729533,1,70325198
9.0,16.115107563387916,64.37564557175136,161.10688147823788,80.53134366129831,80.53134366129831,0.9994515189493159,0.9994515189493159,1,70325198
9.0,16.115107563387916,65.40781039747564,160.8764091946636,80.30087137772404,80.30087137772404,0.996591193224927,0.996591193224927,1,70325198
9.0,16.115107563387916,66.43997522319992,160.56932489089348,79.99378707395391,79.99378707395391,0.9927800575863689,0.9927800575863689,1,70325198
9.0,16.115107563387916,67.47214004892422,160.20793225145155,79.63239443451198,79.63239443451198,0.988294916695805,0.988294916695805,1,70325198
9.0,16.115107563387916,68.5043048746485,159.8188281209122,79.24329030397263,79.24329030397263,0.9834658563993244,0.9834658563993244,1,70325198
9.0,16.115107563387916,69.53646970037278,159.3219885792627,78.74645076232312,78.74645076232312,0.9772997226680389,0.9772997226680389,1,70325198
9.0,16.115107563387916,70.56863452609706,158.63164628994255,78.05610847300298,78.05610847300298,0.9687320815697127,0.9687320815697127,1,70325198
9.0,16.115107563387916,71.60079935182134,157.7537607006423,77.17822288370272,77.17822288370272,0.9578368941085413,0.9578368941085413,1,70325198
9.0,16.115107563387916,72.63296417754563,156.77724850739435,76.20171069045477,76.20171069045477,0.9457176800181993,0.9457176800181993,1,70325198
9.0,16.115107563387916,73.66512900326991,155.75920479263283,75.18366697569326,75.18366697569326,0.9330830300692976,0.9330830300692976,1,70325198
9.0,16.115107563387916,74.69729382899419,154.60657237058322,74.03103455364365,74.03103455364365,0.918778038091853,0.918778038091853,1,70325198
9.0,16.115107563387916,75.72945865471848,153.23852469098907,72.6629868740495,72.6629868740495,0.9017995888421286,0.9017995888421286,1,70325198
9.0,16.115107563387916,76.76162348044276,150.00751705496285,69.43197923802327,69.43197923802327,0.8617004753448438,0.8617004753448438,1,70325198
9.0,16.115107563387916,77.79378830616704,149.72629649648476,69.15075867954519,69.15075867954519,0.8582103272664409,0.8582103272664409,1,70325198
9.0,16.115107563387916,78.82595313189132,148.1235196784293,67.54798186148972,67.54798186148972,0.8383187216814202,0.8383187216814202,1,70325198
9.0,16.115107563387916,79.8581179576156,146.433288185262,65.85775036832243,65.85775036832243,0.817341741087045,0.817341741087045,1,70325198
9.0,16.115107563387916,80.8902827833399,144.52583802554628,63.950300208606706,63.950300208606706,0.7936689216260161,0.7936689216260161,1,70325198
9.0,16.115107563387916,81.92244760906418,142.35404799962592,61.77851018268635,61.77851018268635,0.7667154555398886,0.7667154555398886,1,70325198
9.0,16.115107563387916,82.95461243478846,139.97679662181727,59.4012588048777,59.4012588048777,0.7372120672632935,0.7372120672632935,1,70325198
9.0,16.115107563387916,83.98677726051275,137.53801726671412,56.96247944977455,56.96247944977455,0.7069450728233203,0.7069450728233203,1,70325198
9.0,16.115107563387916,85.01894208623703,135.09547673692938,54.51993891998981,54.51993891998981,0.6766313995179808,0.6766313995179808,1,70325198
9.0,16.115107563387916,86.05110691196131,132.6083566936797,52.03281887674012,52.03281887674012,0.6457644625960057,0.6457644625960057,1,70325198
9.0,16.115107563387916,87.08327173768559,130.036587783592,49.46104996665244,49.46104996665244,0.6138469727502599,0.6138469727502599,1,70325198
9.0,16.115107563387916,88.11543656340987,127.36623899625958,46.79070117932001,46.79070117932001,0.5807060361871156,0.5807060361871156,1,70325198
9.0,16.115107563387916,89.14760138913417,124.49658613863964,43.92104832170007,43.92104832170007,0.5450915936978884,0.5450915936978884,1,70325198
9.0,16.115107563387916,90.17976621485845,121.2523135721221,40.67677575518253,40.67677575518253,0.5048278529346777,0.5048278529346777,1,70325198
9.0,16.115107563387916,91.21193104058273,117.45113437854899,36.87559656160941,36.87559656160941,0.4576525029890272,0.4576525029890272,1,70325198
9.0,16.563573462609416,63.5784880017768,163.718762417112,80.90089510406493,80.90089510406493,0.9768531565569529,0.9768531565569529,1,67834163
9.0,16.563573462609416,64.56539668173416,163.60115905168377,80.78329173863669,80.78329173863669,0.97543313248191,0.97543313248191,1,67834163
9.0,16.563573462609416,65.55230536169151,163.3948588870928,80.57699157404572,80.57699157404572,0.9729421221325228,0.9729421221325228,1,67834163
9.0,16.563573462609416,66.53921404164886,163.09945625587983,80.28158894283276,80.28158894283276,0.9693752272003416,0.9693752272003416,1,67834163
9.0,16.563573462609416,67.52612272160621,162.72939542401664,79.91152811096957,79.91152811096957,0.9649068577063002,0.9649068577063002,1,67834163
9.0,16.563573462609416,68.51303140156357,162.33723166520195,79.51936435215488,79.51936435215488,0.9601716022410475,0.9601716022410475,1,67834163
9.0,16.563573462609416,69.49994008152092,161.92929711939888,79.11142980635181,79.11142980635181,0.9552459194259961,0.9552459194259961,1,67834163
9.0,16.563573462609416,70.48684876147829,161.39868129294373,78.58081397989666,78.58081397989666,0.9488388982882814,0.9488388982882814,1,67834163
9.0,16.563573462609416,71.47375744143564,160.64976090362057,77.8318935905735,77.8318935905735,0.9397959174241126,0.9397959174241126,1,67834163
9.0,16.563573462609416,72.46066612139299,159.70519617131703,76.88732885826995,76.88732885826995,0.9283905919436442,0.9283905919436442,1,67834163
9.0,16.563573462609416,73.44757480135034,158.68183139121012,75.86396407816305,75.86396407816305,0.9160337803846283,0.9160337803846283,1,67834163
9.0,16.563573462609416,74.4344834813077,157.6156692570726,74.79780194402552,74.79780194402552,0.9031602040812505,0.9031602040812505,1,67834163
9.0,16.563573462609416,75.42139216126505,156.39340084481123,73.57553353176415,73.57553353176415,0.8884016930024604,0.8884016930024604,1,67834163
9.0,16.563573462609416,76.4083008412224,154.91357228432366,72.09570497127659,72.09570497127659,0.8705332232084498,0.8705332232084498,1,67834163
9.0,16.563573462609416,77.39520952117977,151.66451287235947,68.84664555931239,68.84664555931239,0.8313018409309646,0.8313018409309646,1,67834163
9.0,16.563573462609416,78.38211820113712,151.0601534415041,68.24228612845702,68.24228612845702,0.8240043886967635,0.8240043886967635,1,67834163
9.0,16.563573462609416,79.36902688109447,149.2965166604743,66.47864934742724,66.47864934742724,0.8027090228747563,0.8027090228747563,1,67834163
9.0,16.563573462609416,80.35593556105182,147.48043703673176,64.66256972368468,64.66256972368468,0.7807804260313014,0.7807804260313014,1,67834163
9.0,16.563573462609416,81.34284424100917,145.4404819633805,62.62261465033343,62.62261465033343,0.7561486027359691,0.7561486027359691,1,67834163
9.0,16.563573462609416,82.32975292096654,143.09522458005992,60.277357267012846,60.277357267012846,0.7278303489652502,0.7278303489652502,1,67834163
9.0,16.563573462609416,83.3166616009239,140.52133121693444,57.70346390388737,57.70346390388737,0.6967513868205684,0.6967513868205684,1,67834163
9.0,16.563573462609416,84.30357028088125,137.88584451779985,55.06797720475278,55.06797720475278,0.6649287042927439,0.6649287042927439,1,67834163
9.0,16.563573462609416,85.2904789608386,135.29003203767962,52.47216472463255,52.47216472463255,0.6335850756249324,0.6335850756249324,1,67834163
9.0,16.563573462609416,86.27738764079595,132.73426905251915,49.91640173947208,49.91640173947208,0.6027250321575026,0.6027250321575026,1,67834163
9.0,16.563573462609416,87.2642963207533,130.14809191302726,47.330224599980184,47.330224599980184,0.5714977472321823,0.5714977472321823,1,67834163
9.0,16.563573462609416,88.25120500071066,127.46273522084864,44.64486790780157,44.64486790780157,0.5390729000427694,0.5390729000427694,1,67834163
9.0,16.563573462609416,89.23811368066802,124.54984393936276,41.731976626315685,41.731976626315685,0.5039006434272337,0.5039006434272337,1,67834163
9.0,16.563573462609416,90.22502236062537,121.26211954933163,38.444252236284555,38.444252236284555,0.46420239356040593,0.46420239356040593,1,67834163
9.0,16.563573462609416,91.21193104058273,117.46732639005708,34.64945907701001,34.64945907701001,0.4183814459509917,0.4183814459509917,1,67834163
9.0,17.01203936183092,64.8455490263634,166.08433076808706,81.02413395893247,81.02413395893247,0.9525505112658317,0.9525505112658317,1,69571586
9.0,17.01203936183092,65.78720552687123,165.94774105814804,80.88754424899345,80.88754424899345,0.95094471072618,0.95094471072618,1,69571586
9.0,17.01203936183092,66.72886202737907,165.70057192189645,80.64037511274186,80.64037511274186,0.9480388964261479,0.9480388964261479,1,69571586
9.0,17.01203936183092,67.6705185278869,165.34776905051723,80.28757224136264,80.28757224136264,0.9438912117908679,0.9438912117908679,1,69571586
9.0,17.01203936183092,68.61217502839473,164.94842043588037,79.88822362672578,79.88822362672578,0.939196317708588,0.939196317708588,1,69571586
9.0,17.01203936183092,69.55383152890256,164.55336910220586,79.49317229305127,79.49317229305127,0.934551944094442,0.934551944094442,1,69571586
9.0,17.01203936183092,70.4954880294104,164.1289787558069,79.06878194665232,79.06878194665232,0.9295626498966971,0.9295626498966971,1,69571586
9.0,17.01203936183092,71.43714452991823,163.5613920854475,78.5011952762929,78.5011952762929,0.9228898852940842,0.9228898852940842,1,69571586
9.0,17.01203936183092,72.37880103042606,162.75646277434376,77.69626596518917,77.69626596518917,0.9134268304070879,0.9134268304070879,1,69571586
9.0,17.01203936183092,73.3204575309339,161.7731328957667,76.71293608661212,76.71293608661212,0.9018664306494515,0.9018664306494515,1,69571586
9.0,17.01203936183092,74.26211403144173,160.72088000819124,75.66068319903665,75.66068319903665,0.8894957458045016,0.8894957458045016,1,69571586
9.0,17.01203936183092,75.20377053194956,159.61810722527872,74.55791041612413,74.55791041612413,0.8765311298703679,0.8765311298703679,1,69571586
9.0,17.01203936183092,76.14542703245739,158.35453434541373,73.29433753625914,73.29433753625914,0.8616760868859269,0.8616760868859269,1,69571586
9.0,17.01203936183092,77.08708353296524,156.7862192950209,71.72602248586632,71.72602248586632,0.8432383791304233,0.8432383791304233,1,69571586
9.0,17.01203936183092,78.02874003347307,154.42073169517582,69.36053488602123,69.36053488602123,0.8154288079257808,0.8154288079257808,1,69571586
9.0,17.01203936183092,78.9703965339809,152.63597724465276,67.57578043549817,67.57578043549817,0.794446556326629,0.794446556326629,1,69571586
9.0,17.01203936183092,79.91205303448874,150.712283267209,65.6520864580544,65.6520864580544,0.7718308788463631,0.7718308788463631,1,69571586
9.0,17.01203936183092,80.85370953499657,148.76578481621632,63.705588007061735,63.705588007061735,0.7489471033084352,0.7489471033084352,1,69571586
9.0,17.01203936183092,81.7953660355044,146.6254343375293,61.56523752837471,61.56523752837471,0.7237843296613294,0.7237843296613294,1,69571586
9.0,17.01203936183092,82.73702253601223,144.14991553698368,59.089718727829094,59.089718727829094,0.6946811898449495,0.6946811898449495,1,69571586
9.0,17.01203936183092,83.67867903652007,141.40776898453356,56.34757217537897,56.34757217537897,0.6624434728478618,0.6624434728478618,1,69571586
9.0,17.01203936183092,84.6203355370279,138.57193436972065,53.51173756056606,53.51173756056606,0.6291043233843878,0.6291043233843878,1,69571586
9.0,17.01203936183092,85.56199203753573,135.77953347558028,50.71933666642569,50.71933666642569,0.5962757972477091,0.5962757972477091,1,69571586
9.0,17.01203936183092,86.50364853804356,133.08037225319114,48.02017544403655,48.02017544403655,0.5645434321269803,0.5645434321269803,1,69571586
9.0,17.01203936183092,87.4453050385514,130.4380242899052,45.37782748075061,45.37782748075061,0.5334789852716028,0.5334789852716028,1,69571586
9.0,17.01203936183092,88.38696153905923,127.74344282400297,42.68324601484838,42.68324601484838,0.5018004615086266,0.5018004615086266,1,69571586
9.0,17.01203936183092,89.32861803956706,124.79527683635355,39.73508002719896,39.73508002719896,0.4671407017356264,0.4671407017356264,1,69571586
9.0,17.01203936183092,90.2702745400749,121.45002026913795,36.38982345998336,36.38982345998336,0.42781259419878176,0.42781259419878176,1,69571586
9.0,17.01203936183092,91.21193104058273,117.60782623831537,32.54762942916078,32.54762942916078,0.38264230098345886,0.38264230098345886,1,69571586
9.0,17.46050526105242,66.1125593018607,168.44956736174052,81.14704105647843,81.14704105647843,0.9294924727921344,0.9294924727921344,1,70094848
9.0,17.46050526105242,67.00896543538649,168.2941530898975,80.9916267846354,80.9916267846354,0.9277122920983982,0.9277122920983982,1,70094848
9.0,17.46050526105242,67.90537156891227,168.01564880259244,80.71312249733035,80.71312249733035,0.9245221863925079,0.9245221863925079,1,70094848
9.0,17.46050526105242,68.80177770243806,167.64801966856672,80.34549336330463,80.34549336330463,0.9203112070591005,0.9203112070591005,1,70094848
9.0,17.46050526105242,69.69818383596385,167.265405718949,79.96287941368692,79.96287941368692,0.9159285853205283,0.9159285853205283,1,70094848
9.0,17.46050526105242,70.59458996948963,166.88674159858488,79.58421529332279,79.58421529332279,0.9115912065940515,0.9115912065940515,1,70094848
9.0,17.46050526105242,71.49099610301542,166.45225633150073,79.14973002623864,79.14973002623864,0.9066144288824315,0.9066144288824315,1,70094848
9.0,17.46050526105242,72.3874022365412,165.84805035791138,78.54552405264928,78.54552405264928,0.8996935985335285,0.8996935985335285,1,70094848
9.0,17.46050526105242,73.28380837006699,165.01603205660322,77.71350575134113,77.71350575134113,0.8901633095886369,0.8901633095886369,1,70094848
9.0,17.46050526105242,74.18021450359278,164.03013835885545,76.72761205359336,76.72761205359336,0.8788704668786734,0.8788704668786734,1,70094848
9.0,17.46050526105242,75.07662063711857,162.97761880434993,75.67509249908784,75.67509249908784,0.86681446347248,0.86681446347248,1,70094848
9.0,17.46050526105242,75.97302677064435,161.85975987844674,74.55723357318465,74.55723357318465,0.8540100353165927,0.8540100353165927,1,70094848
9.0,17.46050526105242,76.86943290417014,160.56940045311723,73.26687414785513,73.26687414785513,0.8392297136015299,0.8392297136015299,1,70094848
9.0,17.46050526105242,77.76583903769593,158.9674335583349,71.66490725307281,71.66490725307281,0.8208801083543589,0.8208801083543589,1,70094848
9.0,17.46050526105242,78.66224517122171,157.06045200766124,69.75792570239915,69.75792570239915,0.799036736445444,0.799036736445444,1,70094848
9.0,17.46050526105242,79.5586513047475,153.53762636468554,66.23510005942344,66.23510005942344,0.7586848040092876,0.7586848040092876,1,70094848
9.0,17.46050526105242,80.45505743827329,152.56577451093406,65.26324820567197,65.26324820567197,0.7475528025096598,0.7475528025096598,1,70094848
9.0,17.46050526105242,81.35146357179907,150.49600745822897,63.19348115296688,63.19348115296688,0.7238448167239113,0.7238448167239113,1,70094848
9.0,17.46050526105242,82.24786970532486,148.27193324410013,60.969406938838034,60.969406938838034,0.6983693315546489,0.6983693315546489,1,70094848
9.0,17.46050526105242,83.14427583885065,145.72216397888178,58.41963767361969,58.41963767361969,0.6691631977446968,0.6691631977446968,1,70094848
9.0,17.46050526105242,84.04068197237643,142.84955076329425,55.547024458032155,55.547024458032155,0.6362590730055896,0.6362590730055896,1,70094848
9.0,17.46050526105242,84.93708810590222,139.82200638000685,52.51948007474476,52.51948007474476,0.6015803012515938,0.6015803012515938,1,70094848
9.0,17.46050526105242,85.833494239428,136.80911888429398,49.50659257903189,49.50659257903189,0.5670694156767823,0.5670694156767823,1,70094848
9.0,17.46050526105242,86.7299003729538,133.9092177501268,46.60669144486471,46.60669144486471,0.5338527235958752,0.5338527235958752,1,70094848
9.0,17.46050526105242,87.62630650647958,131.1326253230246,43.83009901776251,43.83009901776251,0.5020484615130855,0.5020484615130855,1,70094848
9.0,17.46050526105242,88.52271264000537,128.37425210864942,41.071725803387324,41.071725803387324,0.47045288998597695,0.47045288998597695,1,70094848
9.0,17.46050526105242,89.41911877353115,125.3998666080097,38.09734030274761,38.09734030274761,0.43638302252029243,0.43638302252029243,1,70094848
9.0,17.46050526105242,90.31552490705694,122.01920895968566,34.716682654423565,34.716682654423565,0.39765954232565026,0.39765954232565026,1,70094848
9.0,17.46050526105242,91.21193104058273,118.12553589382074,30.823009588558648,30.823009588558648,0.3530597669165138,0.3530597669165138,1,70094848
9.0,17.908971160273918,67.37842601381467,170.778687735164,81.2338319337944,81.2338319337944,0.9071859148892831,0.9071859148892831,1,67599889
9.0,17.908971160273918,68.22962262191353,170.61556283828722,81.07070703691763,81.07070703691763,0.905364203352457,0.905364203352457,1,67599889
9.0,17.908971160273918,69.0808192300124,170.34851957111886,80.80366376974926,80.80366376974926,0.9023819743368593,0.9023819743368593,1,67599889
9.0,17.908971160273918,69.93201583811125,170.02070388962457,80.47584808825498,80.47584808825498,0.8987210640750632,0.8987210640750632,1,67599889
9.0,17.908971160273918,70.78321244621011,169.68961841687147,80.14476261550188,80.14476261550188,0.895023638133728,0.895023638133728,1,67599889
9.0,17.908971160273918,71.63440905430897,169.34888572308054,79.80402992171095,79.80402992171095,0.8912184760086502,0.8912184760086502,1,67599889
9.0,17.908971160273918,72.48560566240783,168.9224499998789,79.3775941985093,79.3775941985093,0.8864562178154205,0.8864562178154205,1,67599889
9.0,17.908971160273918,73.3368022705067,168.31139629231532,78.76654049094573,78.76654049094573,0.8796322221531903,0.8796322221531903,1,67599889
9.0,17.908971160273918,74.18799887860554,167.49281316675635,77.94795736538676,77.94795736538676,0.870490623585264,0.870490623585264,1,67599889
9.0,17.908971160273918,75.0391954867044,166.53990468081722,76.99504887944762,76.99504887944762,0.8598489348203292,0.8598489348203292,1,67599889
9.0,17.908971160273918,75.89039209480326,165.52544554738049,75.98058974601089,75.98058974601089,0.8485198738222633,0.8485198738222633,1,67599889
9.0,17.908971160273918,76.74158870290212,164.43615518758054,74.89129938621095,74.89129938621095,0.8363551285663635,0.8363551285663635,1,67599889
9.0,17.908971160273918,77.59278531100098,163.1596435084896,73.61478770712002,73.61478770712002,0.8220995728712098,0.8220995728712098,1,67599889
9.0,17.908971160273918,78.44398191909984,161.57074714682352,72.02589134545393,72.02589134545393,0.8043554339427759,0.8043554339427759,1,67599889
9.0,17.908971160273918,79.2951785271987,159.66205655435874,70.11720075298915,70.11720075298915,0.7830399650039607,0.7830399650039607,1,67599889
9.0,17.908971160273918,80.14637513529756,157.55783363738522,68.01297783601562,68.01297783601562,0.7595408717490543,0.7595408717490543,1,67599889
9.0,17.908971160273918,80.99757174339642,155.4025241973137,65.85766839594412,65.85766839594412,0.7354712652844188,0.7354712652844188,1,67599889
9.0,17.908971160273918,81.84876835149528,153.37533517878504,63.83047937741544,63.83047937741544,0.7128324548202484,0.7128324548202484,1,67599889
9.0,17.908971160273918,82.69996495959414,150.63976721651696,61.094911415147365,61.094911415147365,0.6822827606163047,0.6822827606163047,1,67599889
9.0,17.908971160273918,83.551161567693,148.05417541089187,58.50931960952228,58.50931960952228,0.6534079382439228,0.6534079382439228,1,67599889
9.0,17.908971160273918,84.40235817579186,145.10401518380402,55.55915938243443,55.55915938243443,0.6204617661753458,0.6204617661753458,1,67599889
9.0,17.908971160273918,85.2535547838907,141.89923149011508,52.35437568874549,52.35437568874549,0.5846720642990273,0.5846720642990273,1,67599889
9.0,17.908971160273918,86.10475139198957,138.64707431826778,49.10221851689819,49.10221851689819,0.5483533149667228,0.5483533149667228,1,67599889
9.0,17.908971160273918,86.95594800008843,135.49885105922817,45.95399525785858,45.95399525785858,0.5131952566855964,0.5131952566855964,1,67599889
9.0,17.908971160273918,87.80714460818729,132.51619094932036,42.97133514795077,42.97133514795077,0.4798861393363651,0.4798861393363651,1,67599889
9.0,17.908971160273918,88.65834121628615,129.61335085855993,40.06849505719033,40.06849505719033,0.44746841902421697,0.44746841902421697,1,67599889
9.0,17.908971160273918,89.509537824385,126.56794644159024,37.023090640220644,37.023090640220644,0.41345859914438965,0.41345859914438965,1,67599889
9.0,17.908971160273918,90.36073443248387,123.17132550965331,33.62646970828372,33.62646970828372,0.3755265381506081,0.3755265381506081,1,67599889
9.0,17.908971160273918,91.21193104058273,119.26837912136874,29.723523319999146,29.723523319999146,0.3319400433893437,0.3319400433893437,1,67599889
9.0,18.35743705949542,68.64576802732527,173.00602267510806,81.21883737763095,81.21883737763095,0.88486031153919,0.88486031153919,1,69494050
9.0,18.35743705949542,69.45170242065589,172.8738728395606,81.08668754208348,81.08668754208348,0.8834205698680713,0.8834205698680713,1,69494050
9.0,18.35743705949542,70.25763681398652,172.6703638803529,80.8831785828758,80.8831785828758,0.8812033871693304,0.8812033871693304,1,69494050
9.0,18.35743705949542,71.06357120731715,172.4273246849798,80.64013938750269,80.64013938750269,0.8785555317569934,0.8785555317569934,1,69494050
9.0,18.35743705949542,71.86950560064777,172.17893878842168,80.39175349094457,80.39175349094457,0.8758494252808756,0.8758494252808756,1,69494050
9.0,18.35743705949542,72.67543999397839,171.89575670350595,80.10857140602884,80.10857140602884,0.8727642224391288,0.8727642224391288,1,69494050
9.0,18.35743705949542,73.48137438730902,171.50050649775665,79.71332120027954,79.71332120027954,0.8684580635296,0.8684580635296,1,69494050
9.0,18.35743705949542,74.28730878063965,170.93238181139938,79.14519651392227,79.14519651392227,0.8622684774287079,0.8622684774287079,1,69494050
9.0,18.35743705949542,75.09324317397027,170.1811320247712,78.39394672729408,78.39394672729408,0.8540837860233289,0.8540837860233289,1,69494050
9.0,18.35743705949542,75.89917756730088,169.30743184321943,77.52024654574232,77.52024654574232,0.8445650260927335,0.8445650260927335,1,69494050
9.0,18.35743705949542,76.70511196063151,168.3795888556959,76.5924035582188,76.5924035582188,0.8344563929048171,0.8344563929048171,1,69494050
9.0,18.35743705949542,77.51104635396214,167.36667245216796,75.57948715469085,75.57948715469085,0.82342090466923,0.82342090466923,1,69494050
9.0,18.35743705949542,78.31698074729276,166.14900763684162,74.36182233936451,74.36182233936451,0.8101547301876838,0.8101547301876838,1,69494050
9.0,18.35743705949542,79.12291514062338,164.62761944643657,72.84043414895946,72.84043414895946,0.7935795602936042,0.7935795602936042,1,69494050
9.0,18.35743705949542,79.92884953395401,162.7859418683002,70.99875657082309,70.99875657082309,0.7735149121385531,0.7735149121385531,1,69494050
9.0,18.35743705949542,80.73478392728462,160.70810047422913,68.92091517675202,68.92091517675202,0.7508773142283773,0.7508773142283773,1,69494050
9.0,18.35743705949542,81.54071832061524,158.53863863426432,66.75145333678721,66.75145333678721,0.7272415329051599,0.7272415329051599,1,69494050
9.0,18.35743705949542,82.34665271394587,156.34566603655193,64.55848073907482,64.55848073907482,0.7033496073536236,0.7033496073536236,1,69494050
9.0,18.35743705949542,83.15258710727649,154.03676519912406,62.24957990164695,62.24957990164695,0.6781946706383856,0.6781946706383856,1,69494050
9.0,18.35743705949542,83.9585215006071,151.65990288002794,59.872717582550834,59.872717582550834,0.6522993094134734,0.6522993094134734,1,69494050
9.0,18.35743705949542,84.76445589393774,148.34086815884524,56.55368286136813,56.55368286136813,0.6161391993673281,0.6161391993673281,1,69494050
9.0,18.35743705949542,85.57039028726837,145.04240059911763,53.25521530164052,53.25521530164052,0.5802031637536695,0.5802031637536695,1,69494050
9.0,18.35743705949542,86.37632468059898,141.56463888772743,49.77745359025032,49.77745359025032,0.5423137601281093,0.5423137601281093,1,69494050
9.0,18.35743705949542,87.1822590739296,138.11813939963852,46.330954102161414,46.330954102161414,0.5047649511422035,0.5047649511422035,1,69494050
9.0,18.35743705949542,87.98819346726023,134.85050221418228,43.063316916705176,43.063316916705176,0.4691648052736271,0.4691648052736271,1,69494050
9.0,18.35743705949542,88.79412786059086,131.70985939102104,39.92267409354393,39.92267409354393,0.43494823339616295,0.43494823339616295,1,69494050
9.0,18.35743705949542,89.60006225392148,128.51593342666456,36.72874812918745,36.72874812918745,0.4001511541088404,0.4001511541088404,1,69494050
9.0,18.35743705949542,90.4059966472521,125.07153713635086,33.28435183887375,33.28435183887375,0.3626252589727099,0.3626252589727099,1,69494050
9.0,18.35743705949542,91.21193104058273,121.20003718300778,29.41285188553067,29.41285188553067,0.32044616893093814,0.32044616893093814,1,69494050
9.0,18.80590295871692,69.91218241501487,175.04600182762348,81.01648703403887,81.01648703403887,0.861606988102489,0.861606988102489,1,69760889
9.0,18.80590295871692,70.67288772307086,174.9942662392107,80.96475144562609,80.96475144562609,0.8610567822599262,0.8610567822599262,1,69760889
9.0,18.80590295871692,71.43359303112686,174.89645763529776,80.86694284171315,80.86694284171315,0.8600165918034759,0.8600165918034759,1,69760889
9.0,18.80590295871692,72.19429833918286,174.76784265783178,80.73832786424717,80.73832786424717,0.8586487768386926,0.8586487768386926,1,69760889
9.0,18.80590295871692,72.95500364723885,174.61220739269152,80.5826925991069,80.5826925991069,0.8569936022322733,0.8569936022322733,1,69760889
9.0,18.80590295871692,73.71570895529484,174.3976285978779,80.3681138042933,80.3681138042933,0.8547115656261646,0.8547115656261646,1,69760889
9.0,18.80590295871692,74.47641426335083,174.07491033522552,80.04539554164091,80.04539554164091,0.8512794702531231,0.8512794702531231,1,69760889
9.0,18.80590295871692,75.23711957140682,173.60573094487708,79.57621615129247,79.57621615129247,0.8462897668458643,0.8462897668458643,1,69760889
9.0,18.80590295871692,75.99782487946283,172.98405943774944,78.95454464416483,78.95454464416483,0.8396783160849799,0.8396783160849799,1,69760889
9.0,18.80590295871692,76.75853018751883,172.25105165742312,78.22153686383851,78.22153686383851,0.8318828086644063,0.8318828086644063,1,69760889
9.0,18.80590295871692,77.51923549557482,171.45170004530198,77.42218525171737,77.42218525171737,0.8233817373372183,0.8233817373372183,1,69760889
9.0,18.80590295871692,78.27994080363081,170.54032023203558,76.51080543845097,76.51080543845097,0.8136892507252532,0.8136892507252532,1,69760889
9.0,18.80590295871692,79.04064611168681,169.42456185361283,75.39504706002822,75.39504706002822,0.8018232065276192,0.8018232065276192,1,69760889
9.0,18.80590295871692,79.8013514197428,168.02822083457514,73.99870604099053,73.99870604099053,0.7869731775542381,0.7869731775542381,1,69760889
9.0,18.80590295871692,80.56205672779879,166.3286314181013,72.2991166245167,72.2991166245167,0.7688981144189577,0.7688981144189577,1,69760889
9.0,18.80590295871692,81.3227620358548,164.37459666743962,70.34508187385501,70.34508187385501,0.7481170356805295,0.7481170356805295,1,69760889
9.0,18.80590295871692,82.08346734391078,162.2781334060346,68.24861861245,68.24861861245,0.725821235622354,0.725821235622354,1,69760889
9.0,18.80590295871692,82.84417265196677,160.12590716935267,66.09639237576806,66.09639237576806,0.7029323986289212,0.7029323986289212,1,69760889
9.0,18.80590295871692,83.60487796002278,157.8509300375894,63.82141524400478,63.82141524400478,0.6787381109442793,0.6787381109442793,1,69760889
9.0,18.80590295871692,84.36558326807878,155.33309933949687,61.30358454591226,61.30358454591226,0.6519610856281356,0.6519610856281356,1,69760889
9.0,18.80590295871692,85.12628857613477,152.47619605769336,58.44668126410875,58.44668126410875,0.6215780374110408,0.6215780374110408,1,69760889
9.0,18.80590295871692,85.88699388419076,150.24320707863538,56.21369228505077,56.21369228505077,0.5978302919934463,0.5978302919934463,1,69760889
9.0,18.80590295871692,86.64769919224676,145.67532634994848,51.64581155636387,51.64581155636387,0.5492510694087674,0.5492510694087674,1,69760889
9.0,18.80590295871692,87.40840450030275,141.98894036550158,47.95942557191697,47.95942557191697,0.5100465069632489,0.5100465069632489,1,69760889
9.0,18.80590295871692,88.16910980835874,138.36968880836218,44.340174014777574,44.340174014777574,0.4715559163749167,0.4715559163749167,1,69760889
9.0,18.80590295871692,88.92981511641474,134.88249284126195,40.85297804767734,40.85297804767734,0.4344697315237516,0.4344697315237516,1,69760889
9.0,18.80590295871692,89.69052042447073,131.4347052104036,37.40519041681898,37.40519041681898,0.3978026526982679,0.3978026526982679,1,69760889
9.0,18.80590295871692,90.45122573252672,127.86083007432696,33.831315280742345,33.831315280742345,0.3597946384707982,0.3597946384707982,1,69760889
9.0,18.80590295871692,91.21193104058273,123.98762969395706,29.95811490037245,29.95811490037245,0.3186033126528099,0.3186033126528099,1,69760889
9.0,19.254368857938424,71.17903990714896,176.89281666667247,80.62097237698035,80.62097237698035,0.8374304343270224,0.8374304343270224,1,67429136
9.0,19.254368857938424,71.8945003047716,176.89281666667247,80.62097237698035,80.62097237698035,0.8374304343270224,0.8374304343270224,1,67429136
9.0,19.254368857938424,72.60996070239423,176.8924575601174,80.62061327042528,80.62061327042528,0.8374267041963936,0.8374267041963936,1,67429136
9.0,19.254368857938424,73.32542110001687,176.87403331198686,80.60218902229474,80.60218902229474,0.8372353268703803,0.8372353268703803,1,67429136
9.0,19.254368857938424,74.0408814976395,176.81930205204824,80.54745776235612,80.54745776235612,0.8366668194283298,0.8366668194283298,1,67429136
9.0,19.254368857938424,74.75634189526214,176.70663483486302,80.4347905451709,80.4347905451709,0.8354965165426159,0.8354965165426159,1,67429136
9.0,19.254368857938424,75.47180229288477,176.50290831325822,80.23106402356609,80.23106402356609,0.8333803576271206,0.8333803576271206,1,67429136
9.0,19.254368857938424,76.1872626905074,176.1803297603909,79.90848547069876,79.90848547069876,0.8300296525975519,0.8300296525975519,1,67429136
9.0,19.254368857938424,76.90272308813003,175.73446324929188,79.46261895959975,79.46261895959975,0.8253983243583488,0.8253983243583488,1,67429136
9.0,19.254368857938424,77.61818348575267,175.18355641080387,78.91171212111175,78.91171212111175,0.819675915667078,0.819675915667078,1,67429136
9.0,19.254368857938424,78.3336438833753,174.53192802700983,78.2600837373177,78.2600837373177,0.8129072868057338,0.8129072868057338,1,67429136
9.0,19.254368857938424,79.04910428099794,173.7517902540408,77.47994596434867,77.47994596434867,0.8048037984107103,0.8048037984107103,1,67429136
9.0,19.254368857938424,79.76456467862057,172.77947124581613,76.507626956124,76.507626956124,0.7947040749100484,0.7947040749100484,1,67429136
9.0,19.254368857938424,80.48002507624321,171.55563501668559,75.28379072699346,75.28379072699346,0.7819917784108986,0.7819917784108986,1,67429136
9.0,19.254368857938424,81.19548547386584,170.05586943585453,73.7840251461624,73.7840251461624,0.7664133339352937,0.7664133339352937,1,67429136
9.0,19.254368857938424,81.91094587148848,168.30725498451775,72.03541069482563,72.03541069482563,0.7482500332918053,0.7482500332918053,1,67429136
9.0,19.254368857938424,82.62640626911111,166.38013867281123,70.1082943831191,70.1082943831191,0.7282325886700151,0.7282325886700151,1,67429136
9.0,19.254368857938424,83.34186666673375,164.31950760731067,68.04766331761854,68.04766331761854,0.7068282925260677,0.7068282925260677,1,67429136
9.0,19.254368857938424,84.05732706435639,162.12026834294502,65.8484240532529,65.8484240532529,0.6839842379575491,0.6839842379575491,1,67429136
9.0,19.254368857938424,84.77278746197902,159.7136014037771,63.441757114084965,63.441757114084965,0.6589855796590126,0.6589855796590126,1,67429136
9.0,19.254368857938424,85.48824785960166,157.00838798917687,60.73654369948474,60.73654369948474,0.6308858435984884,0.6308858435984884,1,67429136
9.0,19.254368857938424,86.20370825722429,153.95430923644358,57.68246494675145,57.68246494675145,0.5991623550202159,0.5991623550202159,1,67429136
9.0,19.254368857938424,86.91916865484691,150.48996784658388,54.218123556891754,54.218123556891754,0.5631773646482112,0.5631773646482112,1,67429136
9.0,19.254368857938424,87.63462905246955,145.9864325789607,49.71458828926856,49.71458828926856,0.5163980045886742,0.5163980045886742,1,67429136
9.0,19.254368857938424,88.35008945009218,143.12775212514913,46.855907835457,46.855907835457,0.48670416757014273,0.48670416757014273,1,67429136
9.0,19.254368857938424,89.06554984771482,139.2899693637893,43.018125074097185,43.018125074097185,0.446840147204941,0.446840147204941,1,67429136
9.0,19.254368857938424,89.78101024533746,135.48453075542884,39.21268646573671,39.21268646573671,0.40731209373886723,0.40731209373886723,1,67429136
9.0,19.254368857938424,90.49647064296009,131.6622546832917,35.39041039359958,35.39041039359958,0.36760914527726407,0.36760914527726407,1,67429136
9.0,19.254368857938424,91.21193104058273,127.69335156536141,31.421507275669285,31.421507275669285,0.3263831445995639,0.3263831445995639,1,67429136
9.0,19.702834757159923,72.4464954614038,178.7237640013114,80.20959021551178,80.20959021551178,0.8141934011435992,0.8141934011435992,1,69015175
9.0,19.702834757159923,73.11668958923161,178.7237640013114,80.20959021551178,80.20959021551178,0.8141934011435992,0.8141934011435992,1,69015175
9.0,19.702834757159923,73.78688371705944,178.7237640013114,80.20959021551178,80.20959021551178,0.8141934011435992,0.8141934011435992,1,69015175
9.0,19.702834757159923,74.45707784488727,178.7237640013114,80.20959021551178,80.20959021551178,0.8141934011435992,0.8141934011435992,1,69015175
9.0,19.702834757159923,75.12727197271508,178.7237640013114,80.20959021551178,80.20959021551178,0.8141934011435992,0.8141934011435992,1,69015175
9.0,19.702834757159923,75.79746610054289,178.72233660977096,80.20816282397135,80.20816282397135,0.8141789119438669,0.8141789119438669,1,69015175
9.0,19.702834757159923,76.46766022837072,178.66791985782942,80.1537460720298,80.1537460720298,0.8136265370941335,0.8136265370941335,1,69015175
9.0,19.702834757159923,77.13785435619853,178.51796413394086,80.00379034814125,80.00379034814125,0.812104362993434,0.812104362993434,1,69015175
9.0,19.702834757159923,77.80804848402634,178.25963213268417,79.74545834688456,79.74545834688456,0.8094820804189653,0.8094820804189653,1,69015175
9.0,19.702834757159923,78.47824261185417,177.89234058092657,79.37816679512696,79.37816679512696,0.8057537686680469,0.8057537686680469,1,69015175
9.0,19.702834757159923,79.14843673968198,177.40980104121573,78.89562725541612,78.89562725541612,0.8008555949213937,0.8008555949213937,1,69015175
9.0,19.702834757159923,79.8186308675098,176.7917505437697,78.27757675797008,78.27757675797008,0.7945818733471777,0.7945818733471777,1,69015175
9.0,19.702834757159923,80.48882499533762,175.99581224825167,77.48163846245205,77.48163846245205,0.7865024441145005,0.7865024441145005,1,69015175
9.0,19.702834757159923,81.15901912316545,174.97610351578706,76.46192972998745,76.46192972998745,0.7761515606499366,0.7761515606499366,1,69015175
9.0,19.702834757159923,81.82921325099326,173.70742783006858,75.19325404426897,75.19325404426897,0.7632734575611672,0.7632734575611672,1,69015175
9.0,19.702834757159923,82.49940737882108,172.20212382811326,73.68795004231364,73.68795004231364,0.7479933821759914,0.7479933821759914,1,69015175
9.0,19.702834757159923,83.1696015066489,170.4916488925314,71.97747510673179,71.97747510673179,0.7306306528361407,0.7306306528361407,1,69015175
9.0,19.702834757159923,83.83979563447673,168.6007682189084,70.08659443310879,70.08659443310879,0.7114366566733716,0.7114366566733716,1,69015175
9.0,19.702834757159923,84.50998976230454,166.53616800633682,68.02199422053721,68.02199422053721,0.6904792641152139,0.6904792641152139,1,69015175
9.0,19.702834757159923,85.18018389013235,164.27235547878396,65.75818169298435,65.75818169298435,0.6674997024891367,0.6674997024891367,1,69015175
9.0,19.702834757159923,85.85037801796018,161.75456883091982,63.24039504512021,63.24039504512021,0.6419420943693286,0.6419420943693286,1,69015175
9.0,19.702834757159923,86.520572145788,158.9208763374036,60.406702551603985,60.406702551603985,0.6131777817367368,0.6131777817367368,1,69015175
9.0,19.702834757159923,87.19076627361581,155.74344078588535,57.22926700008574,57.22926700008574,0.5809241939593376,0.5809241939593376,1,69015175
9.0,19.702834757159923,87.86096040144363,152.25182072765182,53.737646941852205,53.737646941852205,0.5454813746770544,0.5454813746770544,1,69015175
9.0,19.702834757159923,88.53115452927145,148.22198272652614,49.70780894072652,49.70780894072652,0.5045751999992075,0.5045751999992075,1,69015175
9.0,19.702834757159923,89.20134865709926,144.73525457643987,46.22108079064026,46.22108079064026,0.46918203761358473,0.46918203761358473,1,69015175
9.0,19.702834757159923,89.87154278492709,140.66238918589704,42.14821540009743,42.14821540009743,0.427839099495883,0.427839099495883,1,69015175
9.0,19.702834757159923,90.54173691275491,136.55657153842662,38.04239775262701,38.04239775262701,0.3861616688309541,0.3861616688309541,1,69015175
9.0,19.702834757159923,91.21193104058273,132.3791469658338,33.864973180034184,33.864973180034184,0.3437573689007142,0.3437573689007142,1,69015175
9.0,20.151300656381423,73.7133088397743,180.55471133595165,79.79820805404454,79.79820805404454,0.7919906453162308,0.7919906453162308,1,69098219
9.0,20.151300656381423,74.33825963266031,180.55471133595165,79.79820805404454,79.79820805404454,0.7919906453162308,0.7919906453162308,1,69098219
9.0,20.151300656381423,74.96321042554634,180.55471133595165,79.79820805404454,79.79820805404454,0.7919906453162308,0.7919906453162308,1,69098219
9.0,20.151300656381423,75.58816121843235,180.55471133595165,79.79820805404454,79.79820805404454,0.7919906453162308,0.7919906453162308,1,69098219
9.0,20.151300656381423,76.21311201131836,180.55471133595165,79.79820805404454,79.79820805404454,0.7919906453162308,0.7919906453162308,1,69098219
9.0,20.151300656381423,76.83806280420438,180.55471133595165,79.79820805404454,79.79820805404454,0.7919906453162308,0.7919906453162308,1,69098219
9.0,20.151300656381423,77.4630135970904,180.55471133595165,79.79820805404454,79.79820805404454,0.7919906453162308,0.7919906453162308,1,69098219
9.0,20.151300656381423,78.0879643899764,180.54884279117897,79.79233950927186,79.79233950927186,0.7919324004925069,0.7919324004925069,1,69098219
9.0,20.151300656381423,78.71291518286242,180.4657144019323,79.70921112002519,79.70921112002519,0.7911073580730208,0.7911073580730208,1,69098219
9.0,20.151300656381423,79.33786597574843,180.27607673730952,79.51957345540241,79.51957345540241,0.7892252198641134,0.7892252198641134,1,69098219
9.0,20.151300656381423,79.96281676863445,179.96733416591698,79.21083088400987,79.21083088400987,0.7861609752611749,0.7861609752611749,1,69098219
9.0,20.151300656381423,80.58776756152047,179.52413250959808,78.76762922769096,78.76762922769096,0.7817622353100785,0.7817622353100785,1,69098219
9.0,20.151300656381423,81.21271835440648,178.91723342545168,78.16073014354457,78.16073014354457,0.7757388118646623,0.7757388118646623,1,69098219
9.0,20.151300656381423,81.8376691472925,178.10981770122814,77.35331441932102,77.35331441932102,0.7677252772745974,0.7677252772745974,1,69098219
9.0,20.151300656381423,82.46261994017851,177.0769608336038,76.32045755169669,76.32045755169669,0.7574742578963792,0.7574742578963792,1,69098219
9.0,20.151300656381423,83.08757073306452,175.81710521682706,75.06060193491994,75.06060193491994,0.7449702946211573,0.7449702946211573,1,69098219
9.0,20.151300656381423,83.71252152595055,174.3398741119873,73.5833708300802,73.5833708300802,0.730308897522981,0.730308897522981,1,69098219
9.0,20.151300656381423,84.33747231883656,172.66094424164768,71.90444095974057,71.90444095974057,0.7136456567826573,0.7136456567826573,1,69098219
9.0,20.151300656381423,84.96242311172257,170.78556759455617,70.02906431264906,70.02906431264906,0.6950326979561249,0.6950326979561249,1,69098219
9.0,20.151300656381423,85.5873739046086,168.70558123226155,67.94907795035444,67.94907795035444,0.6743890045512931,0.6743890045512931,1,69098219
9.0,20.151300656381423,86.21232469749461,166.3934017614713,65.63689847956418,65.63689847956418,0.6514408136606168,0.6514408136606168,1,69098219
9.0,20.151300656381423,86.83727549038062,163.80590194615482,63.049398664247704,63.049398664247704,0.625760091017068,0.625760091017068,1,69098219
9.0,20.151300656381423,87.46222628326663,160.89975671465533,60.14325343274821,60.14325343274821,0.5969168388513157,0.5969168388513157,1,69098219
9.0,20.151300656381423,88.08717707615264,157.66298945587852,56.9064861739714,56.9064861739714,0.5647921902842585,0.5647921902842585,1,69098219
9.0,20.151300656381423,88.71212786903867,154.12263538550224,53.36613210359512,53.36613210359512,0.5296544676057461,0.5296544676057461,1,69098219
9.0,20.151300656381423,89.33707866192468,150.3151178406072,49.558614558700086,49.558614558700086,0.4918651694376471,0.4918651694376471,1,69098219
9.0,20.151300656381423,89.96202945481069,146.56641228546772,45.809909003560605,45.809909003560605,0.4546595754260034,0.4546595754260034,1,69098219
9.0,20.151300656381423,90.58698024769672,142.31137562932153,41.55487234741442,41.55487234741442,0.4124286869220524,0.4124286869220524,1,69098219
9.0,20.151300656381423,91.21193104058273,137.97109580598985,37.21459252408273,37.21459252408273,0.3693517670016777,0.3693517670016777,1,69098219
9.0,20.599766555602926,74.97954951847413,182.38565867058907,79.38682589257444,79.38682589257444,0.7707546168379469,0.7707546168379469,1,68994866
9.0,20.599766555602926,75.55927742997801,182.38565867058907,79.38682589257444,79.38682589257444,0.7707546168379469,0.7707546168379469,1,68994866
9.0,20.599766555602926,76.13900534148189,182.38565867058907,79.38682589257444,79.38682589257444,0.7707546168379469,0.7707546168379469,1,68994866
9.0,20.599766555602926,76.71873325298577,182.38565867058907,79.38682589257444,79.38682589257444,0.7707546168379469,0.7707546168379469,1,68994866
9.0,20.599766555602926,77.29846116448964,182.38565867058907,79.38682589257444,79.38682589257444,0.7707546168379469,0.7707546168379469,1,68994866
9.0,20.599766555602926,77.87818907599352,182.38565867058907,79.38682589257444,79.38682589257444,0.7707546168379469,0.7707546168379469,1,68994866
9.0,20.599766555602926,78.4579169874974,182.38565867058907,79.38682589257444,79.38682589257444,0.7707546168379469,0.7707546168379469,1,68994866
9.0,20.599766555602926,79.03764489900128,182.38565867058907,79.38682589257444,79.38682589257444,0.7707546168379469,0.7707546168379469,1,68994866
9.0,20.599766555602926,79.61737281050516,182.38565867058907,79.38682589257444,79.38682589257444,0.7707546168379469,0.7707546168379469,1,68994866
9.0,20.599766555602926,80.19710072200904,182.3486023502541,79.34976957223948,79.34976957223948,0.7703948426605558,0.7703948426605558,1,68994866
9.0,20.599766555602926,80.77682863351292,182.20105553503947,79.20222275702484,79.20222275702484,0.7689623330753974,0.7689623330753974,1,68994866
9.0,20.599766555602926,81.35655654501679,181.92102703073172,78.92219425271709,78.92219425271709,0.7662435789229957,0.7662435789229957,1,68994866
9.0,20.599766555602926,81.93628445652067,181.4879938954555,78.48916111744087,78.48916111744087,0.7620393260824854,0.7620393260824854,1,68994866
9.0,20.599766555602926,82.51601236802455,180.87582186625454,77.87698908823991,77.87698908823991,0.75609584097018,0.75609584097018,1,68994866
9.0,20.599766555602926,83.09574027952843,180.05996536314342,77.06113258512879,77.06113258512879,0.7481748142836983,0.7481748142836983,1,68994866
9.0,20.599766555602926,83.67546819103231,179.02926842269358,76.03043564467895,76.03043564467895,0.7381679344710772,0.7381679344710772,1,68994866
9.0,20.599766555602926,84.25519610253619,177.78232115418294,74.78348837616831,74.78348837616831,0.7260615131177587,0.7260615131177587,1,68994866
9.0,20.599766555602926,84.83492401404007,176.3251928065646,73.32636002854996,73.32636002854996,0.7119144756386178,0.7119144756386178,1,68994866
9.0,20.599766555602926,85.41465192554394,174.65985158050407,71.66101880248944,71.66101880248944,0.6957459309945274,0.6957459309945274,1,68994866
9.0,20.599766555602926,85.99437983704782,172.78435442557785,69.78552164756321,69.78552164756321,0.6775370144044887,0.6775370144044887,1,68994866
9.0,20.599766555602926,86.5741077485517,170.68527428643944,67.6864415084248,67.6864415084248,0.6571573646305694,0.6571573646305694,1,68994866
9.0,20.599766555602926,87.15383566005558,168.33770994872992,65.33887717071529,65.33887717071529,0.6343652195703527,0.6343652195703527,1,68994866
9.0,20.599766555602926,87.73356357155946,165.7103284399787,62.711495661964065,62.711495661964065,0.6088563721602678,0.6088563721602678,1,68994866
9.0,20.599766555602926,88.31329148306334,162.77778557277776,59.77895279476313,59.77895279476313,0.580384759539946,0.580384759539946,1,68994866
9.0,20.599766555602926,88.89301939456722,159.53176406317402,56.53293128515939,56.53293128515939,0.5488696304646522,0.5488696304646522,1,68994866
9.0,20.599766555602926,89.47274730607108,155.98690342366027,52.988070645645635,52.988070645645635,0.5144531177343213,0.5144531177343213,1,68994866
9.0,20.599766555602926,90.05247521757497,152.19766874747918,49.198835969464554,49.198835969464554,0.47766401465440855,0.47766401465440855,1,68994866
9.0,20.599766555602926,90.63220312907885,146.53555037314732,43.536717595132686,43.536717595132686,0.4226913686387494,0.4226913686387494,1,68994866
9.0,20.599766555602926,91.12021716784409,144.81019934825537,41.811366570240736,41.811366570240736,0.4059401979860638,0.4059401979860638,1,68994866
9.0,20.599766555602926,91.21193104058273,144.10928035930198,41.110447581287346,41.110447581287346,0.3991350821410714,0.3991350821410714,1,68994866
9.0,21.048232454824426,76.2466733574842,184.21660600522586,78.97544373110372,78.97544373110372,0.7504235227409978,0.7504235227409978,1,74308940
9.0,21.048232454824426,76.78114684616628,184.21660600522586,78.97544373110372,78.97544373110372,0.7504235227409978,0.7504235227409978,1,74308940
9.0,21.048232454824426,77.31562033484838,184.21660600522586,78.97544373110372,78.97544373110372,0.7504235227409978,0.7504235227409978,1,74308940
9.0,21.048232454824426,77.85009382353047,184.21660600522586,78.97544373110372,78.97544373110372,0.7504235227409978,0.7504235227409978,1,74308940
9.0,21.048232454824426,78.38456731221255,184.21660600522586,78.97544373110372,78.97544373110372,0.7504235227409978,0.7504235227409978,1,74308940
9.0,21.048232454824426,78.91904080089465,184.21660600522586,78.97544373110372,78.97544373110372,0.7504235227409978,0.7504235227409978,1,74308940
9.0,21.048232454824426,79.45351428957674,184.21660600522586,78.97544373110372,78.97544373110372,0.7504235227409978,0.7504235227409978,1,74308940
9.0,21.048232454824426,79.98798777825883,184.21660600522586,78.97544373110372,78.97544373110372,0.7504235227409978,0.7504235227409978,1,74308940
9.0,21.048232454824426,80.52246126694092,184.21660600522586,78.97544373110372,78.97544373110372,0.7504235227409978,0.7504235227409978,1,74308940
9.0,21.048232454824426,81.05693475562302,184.21660600522586,78.97544373110372,78.97544373110372,0.7504235227409978,0.7504235227409978,1,74308940
9.0,21.048232454824426,81.5914082443051,184.18950296513276,78.94834069101063,78.94834069101063,0.7501659900464946,0.7501659900464946,1,74308940
9.0,21.048232454824426,82.12588173298718,184.0424461938141,78.80128391969197,78.80128391969197,0.748768658734858,0.748768658734858,1,74308940
9.0,21.048232454824426,82.66035522166928,183.75107579610525,78.50991352198312,78.50991352198312,0.7460000614349734,0.7460000614349734,1,74308940
9.0,21.048232454824426,83.19482871035137,183.29588902115242,78.05472674703029,78.05472674703029,0.7416748832906348,0.7416748832906348,1,74308940
9.0,21.048232454824426,83.72930219903347,182.65970631357104,77.4185440394489,77.4185440394489,0.7356298844153438,0.7356298844153438,1,74308940
9.0,21.048232454824426,84.26377568771557,181.82619824332272,76.58503596920059,76.58503596920059,0.7277099028013316,0.7277099028013316,1,74308940
9.0,21.048232454824426,84.79824917639765,180.7848995642487,75.54373729012656,75.54373729012656,0.717815497831138,0.717815497831138,1,74308940
9.0,21.048232454824426,85.33272266507973,179.53551083468506,74.29434856056292,74.29434856056292,0.7059438242144086,0.7059438242144086,1,74308940
9.0,21.048232454824426,85.86719615376182,178.0760196524936,72.83485737837148,72.83485737837148,0.6920757601351665,0.6920757601351665,1,74308940
9.0,21.048232454824426,86.40166964244392,176.40515338232183,71.1639911081997,71.1639911081997,0.6761992130307201,0.6761992130307201,1,74308940
9.0,21.048232454824426,86.936143131126,174.5154344596404,69.27427218551827,69.27427218551827,0.6582431311911898,0.6582431311911898,1,74308940
9.0,21.048232454824426,87.47061661980808,172.3920680120361,67.15090573791397,67.15090573791397,0.63806693395314,0.63806693395314,1,74308940
9.0,21.048232454824426,88.00509010849018,170.01485129316168,64.77368901903955,64.77368901903955,0.6154786551133218,0.6154786551133218,1,74308940
9.0,21.048232454824426,88.53956359717228,167.36973517708896,62.12857290296682,62.12857290296682,0.590344800080602,0.590344800080602,1,74308940
9.0,21.048232454824426,89.07403708585437,164.44604932690885,59.20488705278672,59.20488705278672,0.5625639794681807,0.5625639794681807,1,74308940
9.0,21.048232454824426,89.60851057453647,161.23664716054793,55.9954848864258,55.9954848864258,0.5320682865566811,0.5320682865566811,1,74308940
9.0,21.048232454824426,90.14298406321855,157.73886949058237,52.49770721646024,52.49770721646024,0.4988324537857082,0.4988324537857082,1,74308940
9.0,21.048232454824426,90.5850461615936,154.63971035864844,49.39854808452631,49.39854808452631,0.4693842885909763,0.4693842885909763,1,74308940
9.0,21.048232454824426,91.02710825996866,151.68899728231463,46.4478350081925,46.4478350081925,0.44134665566700615,0.44134665566700615,1,74308940
9.0,21.048232454824426,91.11951965027569,148.90744772844596,43.66628545432383,43.66628545432383,0.414916412083953,0.414916412083953,1,74308940
9.0,21.048232454824426,91.12064205582598,148.87356985579493,43.632407581672794,43.632407581672794,0.4145945050285863,0.4145945050285863,1,74308940
9.0,21.048232454824426,91.21193104058273,155.19563292571098,49.95447065158885,49.95447065158885,0.47466665677325204,0.47466665677325204,1,74308940
9.0,21.49669835404593,77.51339414613363,186.04755333986492,78.56406156963527,78.56406156963527,0.730940726577657,0.730940726577657,1,67395605
9.0,21.49669835404593,78.00262760664967,186.04755333986492,78.56406156963527,78.56406156963527,0.730940726577657,0.730940726577657,1,67395605
9.0,21.49669835404593,78.49186106716571,186.04755333986492,78.56406156963527,78.56406156963527,0.730940726577657,0.730940726577657,1,67395605
9.0,21.49669835404593,78.98109452768176,186.04755333986492,78.56406156963527,78.56406156963527,0.730940726577657,0.730940726577657,1,67395605
9.0,21.49669835404593,79.4703279881978,186.04755333986492,78.56406156963527,78.56406156963527,0.730940726577657,0.730940726577657,1,67395605
9.0,21.49669835404593,79.95956144871383,186.04755333986492,78.56406156963527,78.56406156963527,0.730940726577657,0.730940726577657,1,67395605
9.0,21.49669835404593,80.44879490922987,186.04755333986492,78.56406156963527,78.56406156963527,0.730940726577657,0.730940726577657,1,67395605
9.0,21.49669835404593,80.93802836974591,186.04755333986492,78.56406156963527,78.56406156963527,0.730940726577657,0.730940726577657,1,67395605
9.0,21.49669835404593,81.42726183026194,186.04755333986492,78.56406156963527,78.56406156963527,0.730940726577657,0.730940726577657,1,67395605
9.0,21.49669835404593,81.91649529077799,186.04755333986492,78.56406156963527,78.56406156963527,0.730940726577657,0.730940726577657,1,67395605
9.0,21.49669835404593,82.40572875129402,186.04755333986492,78.56406156963527,78.56406156963527,0.730940726577657,0.730940726577657,1,67395605
9.0,21.49669835404593,82.89496221181005,185.99076360867005,78.5072718384404,78.5072718384404,0.7304123688711892,0.7304123688711892,1,67395605
9.0,21.49669835404593,83.3841956723261,185.79980580004852,78.31631402981887,78.31631402981887,0.7286357443358629,0.7286357443358629,1,67395605
9.0,21.49669835404593,83.87342913284215,185.456293121846,77.97280135161634,77.97280135161634,0.7254397867748928,0.7254397867748928,1,67395605
9.0,21.49669835404593,84.36266259335818,184.94803147777117,77.46453970754152,77.46453970754152,0.7207110453123309,0.7207110453123309,1,67395605
9.0,21.49669835404593,84.85189605387421,184.26275978875262,76.77926801852297,76.77926801852297,0.7143354458808994,0.7143354458808994,1,67395605
9.0,21.49669835404593,85.34112951439026,183.38797310493317,75.90448133470352,75.90448133470352,0.7061966454994463,0.7061966454994463,1,67395605
9.0,21.49669835404593,85.83036297490631,182.31488496185887,74.83139319162922,74.83139319162922,0.6962128970614232,0.6962128970614232,1,67395605
9.0,21.49669835404593,86.31959643542234,181.03947011137453,73.55597834114488,73.55597834114488,0.6843467506469503,0.6843467506469503,1,67395605
9.0,21.49669835404593,86.80882989593837,179.55816754448006,72.07467577425041,72.07467577425041,0.6705650755031888,0.6705650755031888,1,67395605
9.0,21.49669835404593,87.29806335645442,177.8650948383862,70.38160306815655,70.38160306815655,0.6548131430137495,0.6548131430137495,1,67395605
9.0,21.49669835404593,87.78729681697045,175.95009570569812,68.46660393546847,68.46660393546847,0.6369964615759913,0.6369964615759913,1,67395605
9.0,21.49669835404593,88.27653027748649,173.8029639235361,66.31947215330646,66.31947215330646,0.6170200749997905,0.6170200749997905,1,67395605
9.0,21.49669835404593,88.76576373800253,171.4152916998611,63.93179992963144,63.93179992963144,0.5948057592537109,0.5948057592537109,1,67395605
9.0,21.49669835404593,89.25499719851857,168.77901289666244,61.29552112643279,61.29552112643279,0.5702784689714573,0.5702784689714573,1,67395605
9.0,21.49669835404593,89.7442306590346,165.887981112882,58.40448934265234,58.40448934265234,0.5433810195476826,0.5433810195476826,1,67395605
9.0,21.49669835404593,90.23346411955065,162.73916864008044,55.25567686985079,55.25567686985079,0.5140852419269402,0.5140852419269402,1,67395605
9.0,21.49669835404593,90.7226975800667,159.33129643806814,51.84780466783849,51.84780466783849,0.4823792362335505,0.4823792362335505,1,67395605
9.0,21.49669835404593,91.21193104058273,155.66052827802784,48.17703650779819,48.17703650779819,0.44822731113711434,0.44822731113711434,1,67395605
9.0,21.94516425326743,78.77978125248896,187.87850067450373,78.15267940816659,78.15267940816659,0.7122542215333877,0.7122542215333877,1,69194105
9.0,21.94516425326743,79.22378660206374,187.87850067450373,78.15267940816659,78.15267940816659,0.7122542215333877,0.7122542215333877,1,69194105
9.0,21.94516425326743,79.66779195163852,187.87850067450373,78.15267940816659,78.15267940816659,0.7122542215333877,0.7122542215333877,1,69194105
9.0,21.94516425326743,80.1117973012133,187.87850067450373,78.15267940816659,78.15267940816659,0.7122542215333877,0.7122542215333877,1,69194105
9.0,21.94516425326743,80.55580265078807,187.87850067450373,78.15267940816659,78.15267940816659,0.7122542215333877,0.7122542215333877,1,69194105
9.0,21.94516425326743,80.99980800036285,187.87850067450373,78.15267940816659,78.15267940816659,0.7122542215333877,0.7122542215333877,1,69194105
9.0,21.94516425326743,81.44381334993763,187.87850067450373,78.15267940816659,78.15267940816659,0.7122542215333877,0.7122542215333877,1,69194105
9.0,21.94516425326743,81.8878186995124,187.87850067450373,78.15267940816659,78.15267940816659,0.7122542215333877,0.7122542215333877,1,69194105
9.0,21.94516425326743,82.33182404908717,187.87850067450373,78.15267940816659,78.15267940816659,0.7122542215333877,0.7122542215333877,1,69194105
9.0,21.94516425326743,82.77582939866195,187.87850067450373,78.15267940816659,78.15267940816659,0.7122542215333877,0.7122542215333877,1,69194105
9.0,21.94516425326743,83.21983474823674,187.87850067450373,78.15267940816659,78.15267940816659,0.7122542215333877,0.7122542215333877,1,69194105
9.0,21.94516425326743,83.66384009781152,187.85597255582095,78.13015128948382,78.13015128948382,0.7120489087052605,0.7120489087052605,1,69194105
9.0,21.94516425326743,84.10784544738628,187.7172308143759,77.99140954803877,77.99140954803877,0.7107844684865058,0.7107844684865058,1,69194105
9.0,21.94516425326743,84.55185079696106,187.43843291570846,77.71261164937133,77.71261164937133,0.7082436089563618,0.7082436089563618,1,69194105
9.0,21.94516425326743,84.99585614653584,187.0084577431162,77.28263647677906,77.28263647677906,0.7043249764263889,0.7043249764263889,1,69194105
9.0,21.94516425326743,85.43986149611062,186.41871391483426,76.69289264849712,76.69289264849712,0.698950272263998,0.698950272263998,1,69194105
9.0,21.94516425326743,85.8838668456854,185.6596550460261,75.93383377968897,75.93383377968897,0.6920324942966252,0.6920324942966252,1,69194105
9.0,21.94516425326743,86.32787219526017,184.72219734854843,74.9963760822113,74.9963760822113,0.6834888562845461,0.6834888562845461,1,69194105
9.0,21.94516425326743,86.77187754483495,183.5982573923122,73.87243612597507,73.87243612597507,0.6732456888763196,0.6732456888763196,1,69194105
9.0,21.94516425326743,87.21588289440973,182.28092269792535,72.55510143158821,72.55510143158821,0.6612399943261801,0.6612399943261801,1,69194105
9.0,21.94516425326743,87.65988824398451,180.76436518718532,71.03854392084818,71.03854392084818,0.6474186577142726,0.6474186577142726,1,69194105
9.0,21.94516425326743,88.10389359355929,179.04219218605644,69.3163709197193,69.3163709197193,0.6317234186059806,0.6317234186059806,1,69194105
9.0,21.94516425326743,88.54789894313406,177.10851109669835,67.38268983036122,67.38268983036122,0.6141005740736579,0.6141005740736579,1,69194105
9.0,21.94516425326743,88.99190429270884,174.9578145959084,65.23199332957125,65.23199332957125,0.5944999324382713,0.5944999324382713,1,69194105
9.0,21.94516425326743,89.43590964228362,172.58460503394238,62.858783767605246,62.858783767605246,0.5728713901810616,0.5728713901810616,1,69194105
9.0,21.94516425326743,89.87991499185839,169.9839527470236,60.25813148068647,60.25813148068647,0.5491700201944454,0.5491700201944454,1,69194105
9.0,21.94516425326743,90.32392034143317,167.1526228106812,57.42680154434407,57.42680154434407,0.5233663405895335,0.5233663405895335,1,69194105
9.0,21.94516425326743,90.76792569100795,164.09013232264695,54.364311056309816,54.364311056309816,0.49545595037608786,0.49545595037608786,1,69194105
9.0,21.94516425326743,91.21193104058273,160.79535209952675,51.06953083318962,51.06953083318962,0.46542855859997356,0.46542855859997356,1,69194105
9.0,22.393630152488928,80.04736749543896,189.7094480091418,77.74129724669716,77.74129724669716,0.694316166850301,0.694316166850301,1,69132679
9.0,22.393630152488928,80.44610190776552,189.7094480091418,77.74129724669716,77.74129724669716,0.694316166850301,0.694316166850301,1,69132679
9.0,22.393630152488928,80.84483632009209,189.7094480091418,77.74129724669716,77.74129724669716,0.694316166850301,0.694316166850301,1,69132679
9.0,22.393630152488928,81.24357073241865,189.7094480091418,77.74129724669716,77.74129724669716,0.694316166850301,0.694316166850301,1,69132679
9.0,22.393630152488928,81.64230514474521,189.7094480091418,77.74129724669716,77.74129724669716,0.694316166850301,0.694316166850301,1,69132679
9.0,22.393630152488928,82.04103955707177,189.7094480091418,77.74129724669716,77.74129724669716,0.694316166850301,0.694316166850301,1,69132679
9.0,22.393630152488928,82.43977396939835,189.7094480091418,77.74129724669716,77.74129724669716,0.694316166850301,0.694316166850301,1,69132679
9.0,22.393630152488928,82.8385083817249,189.7094480091418,77.74129724669716,77.74129724669716,0.694316166850301,0.694316166850301,1,69132679
9.0,22.393630152488928,83.23724279405147,189.7094480091418,77.74129724669716,77.74129724669716,0.694316166850301,0.694316166850301,1,69132679
9.0,22.393630152488928,83.63597720637803,189.7094480091418,77.74129724669716,77.74129724669716,0.694316166850301,0.694316166850301,1,69132679
9.0,22.393630152488928,84.03471161870459,189.7094480091418,77.74129724669716,77.74129724669716,0.694316166850301,0.694316166850301,1,69132679
9.0,22.393630152488928,84.43344603103115,189.68650328396149,77.71835252151685,77.71835252151685,0.6941112449593518,0.6941112449593518,1,69132679
9.0,22.393630152488928,84.83218044335771,189.55515405803047,77.58700329558583,77.58700329558583,0.6929381504227663,0.6929381504227663,1,69132679
9.0,22.393630152488928,85.23091485568428,189.29494170311904,77.3267909406744,77.3267909406744,0.6906141649577968,0.6906141649577968,1,69132679
9.0,22.393630152488928,85.62964926801084,188.89984459853795,76.93169383609332,76.93169383609332,0.6870855088007496,0.6870855088007496,1,69132679
9.0,22.393630152488928,86.02838368033741,188.36040519808566,76.39225443564102,76.39225443564102,0.6822677155552687,0.6822677155552687,1,69132679
9.0,22.393630152488928,86.42711809266397,187.67156824024457,75.70341747779993,75.70341747779993,0.6761156361188355,0.6761156361188355,1,69132679
9.0,22.393630152488928,86.82585250499054,186.82385169762503,74.8557009351804,74.8557009351804,0.6685445854508819,0.6685445854508819,1,69132679
9.0,22.393630152488928,87.2245869173171,185.81145327790298,73.84330251545835,73.84330251545835,0.6595027426337223,0.6595027426337223,1,69132679
9.0,22.393630152488928,87.62332132964366,184.62796114782873,72.65981038538409,72.65981038538409,0.6489328428719124,0.6489328428719124,1,69132679
9.0,22.393630152488928,88.02205574197022,183.26530556324437,71.29715480079973,71.29715480079973,0.6367628143834058,0.6367628143834058,1,69132679
9.0,22.393630152488928,88.42079015429678,181.71776273304576,69.74961197060112,69.74961197060112,0.6229415373536376,0.6229415373536376,1,69132679
9.0,22.393630152488928,88.81952456662334,179.9811390166853,68.01298825424065,68.01298825424065,0.6074315579127432,0.6074315579127432,1,69132679
9.0,22.393630152488928,89.2182589789499,178.05150636771077,66.08335560526614,66.08335560526614,0.5901977942412462,0.5901977942412462,1,69132679
9.0,22.393630152488928,89.61699339127648,175.92394552473706,63.95579476229243,63.95579476229243,0.5711963118689276,0.5711963118689276,1,69132679
9.0,22.393630152488928,90.01572780360304,173.59596859050654,61.62781782806191,61.62781782806191,0.5504048911088435,0.5504048911088435,1,69132679
9.0,22.393630152488928,90.4144622159296,171.06472133722013,59.0965705747755,59.0965705747755,0.5277980405352657,0.5277980405352657,1,69132679
9.0,22.393630152488928,90.81319662825616,168.32874414079888,56.36059337835424,56.36059337835424,0.5033627240833043,0.5033627240833043,1,69132679
9.0,22.393630152488928,91.21193104058273,165.38818813371583,53.42003737127119,53.42003737127119,0.4771002915338749,0.4771002915338749,1,69132679
9.0,22.84209605171043,81.31331903113917,191.5403953437808,77.32991508522865,77.32991508522865,0.6770824788597992,0.6770824788597992,1,67384322
9.0,22.84209605171043,81.6668408886193,191.5403953437808,77.32991508522865,77.32991508522865,0.6770824788597992,0.6770824788597992,1,67384322
9.0,22.84209605171043,82.02036274609942,191.5403953437808,77.32991508522865,77.32991508522865,0.6770824788597992,0.6770824788597992,1,67384322
9.0,22.84209605171043,82.37388460357955,191.5403953437808,77.32991508522865,77.32991508522865,0.6770824788597992,0.6770824788597992,1,67384322
9.0,22.84209605171043,82.72740646105969,191.5403953437808,77.32991508522865,77.32991508522865,0.6770824788597992,0.6770824788597992,1,67384322
9.0,22.84209605171043,83.0809283185398,191.5403953437808,77.32991508522865,77.32991508522865,0.6770824788597992,0.6770824788597992,1,67384322
9.0,22.84209605171043,83.43445017601994,191.5403953437808,77.32991508522865,77.32991508522865,0.6770824788597992,0.6770824788597992,1,67384322
9.0,22.84209605171043,83.78797203350007,191.5403953437808,77.32991508522865,77.32991508522865,0.6770824788597992,0.6770824788597992,1,67384322
9.0,22.84209605171043,84.14149389098019,191.5403953437808,77.32991508522865,77.32991508522865,0.6770824788597992,0.6770824788597992,1,67384322
9.0,22.84209605171043,84.4950157484603,191.5403953437808,77.32991508522865,77.32991508522865,0.6770824788597992,0.6770824788597992,1,67384322
9.0,22.84209605171043,84.84853760594044,191.53977959750455,77.3292993389524,77.3292993389524,0.6770770875307822,0.6770770875307822,1,67384322
9.0,22.84209605171043,85.20205946342057,191.48317494399782,77.27269468544567,77.27269468544567,0.6765814705490606,0.6765814705490606,1,67384322
9.0,22.84209605171043,85.5555813209007,191.31966375273097,77.10918349417882,77.10918349417882,0.6751498051633912,0.6751498051633912,1,67384322
9.0,22.84209605171043,85.90910317838083,191.04188325461513,76.83140299606298,76.83140299606298,0.6727176247059848,0.6727176247059848,1,67384322
9.0,22.84209605171043,86.26262503586095,190.6441792664443,76.43369900789214,76.43369900789214,0.669235422483645,0.669235422483645,1,67384322
9.0,22.84209605171043,86.61614689334107,190.12132470702352,75.91084444847137,75.91084444847137,0.6646574314075447,0.6646574314075447,1,67384322
9.0,22.84209605171043,86.9696687508212,189.46699722604342,75.25651696749127,75.25651696749127,0.6589282944710848,0.6589282944710848,1,67384322
9.0,22.84209605171043,87.32319060830133,188.67548608187056,74.4650058233184,74.4650058233184,0.6519980097688314,0.6519980097688314,1,67384322
9.0,22.84209605171043,87.67671246578146,187.7422767380614,73.53179647950925,73.53179647950925,0.6438270490855689,0.6438270490855689,1,67384322
9.0,22.84209605171043,88.0302343232616,186.661073376333,72.45059311778085,72.45059311778085,0.6343602877228572,0.6343602877228572,1,67384322
9.0,22.84209605171043,88.38375618074171,185.4261974801451,71.21571722159295,71.21571722159295,0.6235480059305702,0.6235480059305702,1,67384322
9.0,22.84209605171043,88.73727803822183,184.03398929807844,69.82350903952629,69.82350903952629,0.6113581597893496,0.6113581597893496,1,67384322
9.0,22.84209605171043,89.09079989570196,182.47755909615123,68.26707883759907,68.26707883759907,0.5977304244151201,0.5977304244151201,1,67384322
9.0,22.84209605171043,89.4443217531821,180.75468900873685,66.5442087501847,66.5442087501847,0.5826453807000941,0.5826453807000941,1,67384322
9.0,22.84209605171043,89.79784361066221,178.86112452231464,64.65064426376249,64.65064426376249,0.566065777128377,0.566065777128377,1,67384322
9.0,22.84209605171043,90.15136546814234,176.79436619843608,62.58388593988393,62.58388593988393,0.5479697292070322,0.5479697292070322,1,67384322
9.0,22.84209605171043,90.50488732562248,174.55219160346746,60.34171134491531,60.34171134491531,0.5283377778318806,0.5283377778318806,1,67384322
9.0,22.84209605171043,90.8584091831026,172.13242717551265,57.92194691696049,57.92194691696049,0.5071508918081382,0.5071508918081382,1,67384322
9.0,22.84209605171043,91.21193104058273,169.53479518894693,55.32431493039478,55.32431493039478,0.4844066394358066,0.4844066394358066,1,67384322
9.0,23.29056195093193,82.58060831112932,193.37134267841623,76.91853292375657,76.91853292375657,0.6605124692637896,0.6605124692637896,1,68807481
9.0,23.29056195093193,82.88886983718123,193.37134267841623,76.91853292375657,76.91853292375657,0.6605124692637896,0.6605124692637896,1,68807481
9.0,23.29056195093193,83.19713136323314,193.37134267841623,76.91853292375657,76.91853292375657,0.6605124692637896,0.6605124692637896,1,68807481
9.0,23.29056195093193,83.50539288928505,193.37134267841623,76.91853292375657,76.91853292375657,0.6605124692637896,0.6605124692637896,1,68807481
9.0,23.29056195093193,83.81365441533696,193.37134267841623,76.91853292375657,76.91853292375657,0.6605124692637896,0.6605124692637896,1,68807481
9.0,23.29056195093193,84.12191594138886,193.37134267841623,76.91853292375657,76.91853292375657,0.6605124692637896,0.6605124692637896,1,68807481
9.0,23.29056195093193,84.43017746744077,193.37134267841623,76.91853292375657,76.91853292375657,0.6605124692637896,0.6605124692637896,1,68807481
9.0,23.29056195093193,84.73843899349268,193.37134267841623,76.91853292375657,76.91853292375657,0.6605124692637896,0.6605124692637896,1,68807481
9.0,23.29056195093193,85.04670051954459,193.37134267841623,76.91853292375657,76.91853292375657,0.6605124692637896,0.6605124692637896,1,68807481
9.0,23.29056195093193,85.3549620455965,193.37134267841623,76.91853292375657,76.91853292375657,0.6605124692637896,0.6605124692637896,1,68807481
9.0,23.29056195093193,85.6632235716484,193.3297542772933,76.87694452263364,76.87694452263364,0.6601553426198679,0.6601553426198679,1,68807481
9.0,23.29056195093193,85.97148509770031,193.20035233602366,76.747542581364,76.747542581364,0.6590441462344628,0.6590441462344628,1,68807481
9.0,23.29056195093193,86.27974662375222,192.97704124097248,76.52423148631283,76.52423148631283,0.6571265360409292,0.6571265360409292,1,68807481
9.0,23.29056195093193,86.58800814980412,192.65413349500452,76.20132374034486,76.20132374034486,0.6543536725381227,0.6543536725381227,1,68807481
9.0,23.29056195093193,86.89626967585602,192.22870372029547,75.77589396563582,75.77589396563582,0.6507004350112194,0.6507004350112194,1,68807481
9.0,23.29056195093193,87.20453120190793,191.69694921492328,75.24413946026363,75.24413946026363,0.6461341690147829,0.6461341690147829,1,68807481
9.0,23.29056195093193,87.51279272795983,191.0546836324322,74.60187387777253,74.60187387777253,0.6406189256827912,0.6406189256827912,1,68807481
9.0,23.29056195093193,87.82105425401174,190.29768817344012,73.84487841878047,73.84487841878047,0.6341184774704476,0.6341184774704476,1,68807481
9.0,23.29056195093193,88.12931578006365,189.42178356732248,72.96897381266282,72.96897381266282,0.6265969362730907,0.6265969362730907,1,68807481
9.0,23.29056195093193,88.43757730611556,188.42293696931233,71.97012721465268,71.97012721465268,0.6180196713696976,0.6180196713696976,1,68807481
9.0,23.29056195093193,88.74583883216746,187.29716948813066,70.84435973347101,70.84435973347101,0.6083525153469841,0.6083525153469841,1,68807481
9.0,23.29056195093193,89.05410035821937,186.0406030693632,69.58779331470353,69.58779331470353,0.597562166694901,0.597562166694901,1,68807481
9.0,23.29056195093193,89.36236188427128,184.64957019614766,68.19676044148801,68.19676044148801,0.5856171318250158,0.5856171318250158,1,68807481
9.0,23.29056195093193,89.67062341032319,183.1206800490133,66.66787029435363,66.66787029435363,0.5724882931962578,0.5724882931962578,1,68807481
9.0,23.29056195093193,89.9788849363751,181.45099171674397,64.99818196208432,64.99818196208432,0.5581503967059371,0.5581503967059371,1,68807481
9.0,23.29056195093193,90.287146462427,179.63787102807012,63.18506127341047,63.18506127341047,0.5425808222792343,0.5425808222792343,1,68807481
9.0,23.29056195093193,90.59540798847891,177.67879574389804,61.22598598923838,61.22598598923838,0.525757911021881,0.525757911021881,1,68807481
9.0,23.29056195093193,90.90366951453082,175.57168810509506,59.11887835043541,59.11887835043541,0.5076638208643126,0.5076638208643126,1,68807481
9.0,23.29056195093193,91.21193104058273,173.31422590428812,56.86141614962847,56.86141614962847,0.4882786106185236,0.4882786106185236,1,68807481
9.0,23.739027850153434,83.84787259551098,195.20229001305754,76.50715076229037,76.50715076229037,0.6445685244166043,0.6445685244166043,1,69450708
9.0,23.739027850153434,84.11087468283498,195.20229001305754,76.50715076229037,76.50715076229037,0.6445685244166043,0.6445685244166043,1,69450708
9.0,23.739027850153434,84.37387677015896,195.20229001305754,76.50715076229037,76.50715076229037,0.6445685244166043,0.6445685244166043,1,69450708
9.0,23.739027850153434,84.63687885748294,195.20229001305754,76.50715076229037,76.50715076229037,0.6445685244166043,0.6445685244166043,1,69450708
9.0,23.739027850153434,84.89988094480694,195.20229001305754,76.50715076229037,76.50715076229037,0.6445685244166043,0.6445685244166043,1,69450708
9.0,23.739027850153434,85.16288303213094,195.20229001305754,76.50715076229037,76.50715076229037,0.6445685244166043,0.6445685244166043,1,69450708
9.0,23.739027850153434,85.42588511945492,195.20229001305754,76.50715076229037,76.50715076229037,0.6445685244166043,0.6445685244166043,1,69450708
9.0,23.739027850153434,85.68888720677892,195.20229001305754,76.50715076229037,76.50715076229037,0.6445685244166043,0.6445685244166043,1,69450708
9.0,23.739027850153434,85.95188929410291,195.19161105117962,76.49647180041245,76.49647180041245,0.6444785547519211,0.6444785547519211,1,69450708
9.0,23.739027850153434,86.2148913814269,195.12006148666683,76.42492223589966,76.42492223589966,0.6438757536181559,0.6438757536181559,1,69450708
9.0,23.739027850153434,86.47789346875089,194.97498063092303,76.27984138015586,76.27984138015586,0.6426534554123524,0.6426534554123524,1,69450708
9.0,23.739027850153434,86.74089555607489,194.7547702025891,76.05963095182193,76.05963095182193,0.6407981947022344,0.6407981947022344,1,69450708
9.0,23.739027850153434,87.00389764339887,194.45617929904708,75.76104004827991,75.76104004827991,0.6382825828125918,0.6382825828125918,1,69450708
9.0,23.739027850153434,87.26689973072286,194.07543864067685,75.38029938990968,75.38029938990968,0.635074863770569,0.635074863770569,1,69450708
9.0,23.739027850153434,87.52990181804685,193.61199329970367,74.9168540489365,74.9168540489365,0.6311703623402782,0.6311703623402782,1,69450708
9.0,23.739027850153434,87.79290390537085,193.0607571776879,74.36561792692072,74.36561792692072,0.626526228422956,0.626526228422956,1,69450708
9.0,23.739027850153434,88.05590599269483,192.42107005150686,73.72593080073969,73.72593080073969,0.6211368996752171,0.6211368996752171,1,69450708
9.0,23.739027850153434,88.31890808001882,191.68822798334133,72.99308873257417,72.99308873257417,0.6149627456804418,0.6149627456804418,1,69450708
9.0,23.739027850153434,88.58191016734281,190.86123981882346,72.1661005680563,72.1661005680563,0.6079954160177613,0.6079954160177613,1,69450708
9.0,23.739027850153434,88.84491225466681,189.93548108952413,71.24034183875696,71.24034183875696,0.6001959497957833,0.6001959497957833,1,69450708
9.0,23.739027850153434,89.10791434199079,188.91057123886762,70.21543198810045,70.21543198810045,0.591561140846352,0.591561140846352,1,69450708
9.0,23.739027850153434,89.37091642931479,187.78093073249363,69.08579148172646,69.08579148172646,0.5820439819002945,0.5820439819002945,1,69450708
9.0,23.739027850153434,89.63391851663879,186.54665396672038,67.85151471595321,67.85151471595321,0.571645268241384,0.571645268241384,1,69450708
9.0,23.739027850153434,89.89692060396277,185.20379772164915,66.50865847088198,66.50865847088198,0.5603317784595135,0.5603317784595135,1,69450708
9.0,23.739027850153434,90.15992269128677,183.75020310071932,65.05506384995215,65.05506384995215,0.5480853239702626,0.5480853239702626,1,69450708
9.0,23.739027850153434,90.42292477861076,182.18470015518014,63.48956090441297,63.48956090441297,0.5348960480199497,0.5348960480199497,1,69450708
9.0,23.739027850153434,90.68592686593475,180.5037622784895,61.80862302772232,61.80862302772232,0.5207342391430139,0.5207342391430139,1,69450708
9.0,23.739027850153434,90.94892895325873,178.70549347822472,60.010354227457555,60.010354227457555,0.5055839237078926,0.5055839237078926,1,69450708
9.0,23.739027850153434,91.21193104058273,176.7883530828239,58.09321383205673,58.09321383205673,0.4894321216416725,0.4894321216416725,1,69450708
9.0,24.187493749374934,85.11518134545386,197.03323734769447,76.0957686008198,76.0957686008198,0.629215820285525,0.629215820285525,1,67165149
9.0,24.187493749374934,85.33292240599418,197.03323734769447,76.0957686008198,76.0957686008198,0.629215820285525,0.629215820285525,1,67165149
9.0,24.187493749374934,85.5506634665345,197.03323734769447,76.0957686008198,76.0957686008198,0.629215820285525,0.629215820285525,1,67165149
9.0,24.187493749374934,85.76840452707481,197.03323734769447,76.0957686008198,76.0957686008198,0.629215820285525,0.629215820285525,1,67165149
9.0,24.187493749374934,85.98614558761513,197.03323734769447,76.0957686008198,76.0957686008198,0.629215820285525,0.629215820285525,1,67165149
9.0,24.187493749374934,86.20388664815545,197.03263394986448,76.0951652029898,76.0951652029898,0.6292108309481738,0.6292108309481738,1,67165149
9.0,24.187493749374934,86.42162770869577,197.00381485999347,76.0663461131188,76.0663461131188,0.6289725335026457,0.6289725335026457,1,67165149
9.0,24.187493749374934,86.63936876923609,196.9216114206002,75.98414267372551,75.98414267372551,0.628292814965082,0.628292814965082,1,67165149
9.0,24.187493749374934,86.85710982977639,196.78534047606686,75.84787172919219,75.84787172919219,0.6271660265020413,0.6271660265020413,1,67165149
9.0,24.187493749374934,87.07485089031671,196.59267814762524,75.65520940075056,75.65520940075056,0.6255729525735231,0.6255729525735231,1,67165149
9.0,24.187493749374934,87.29259195085703,196.34190086441123,75.40443211753656,75.40443211753656,0.6234993414270976,0.6234993414270976,1,67165149
9.0,24.187493749374934,87.51033301139734,196.03147497672757,75.0940062298529,75.0940062298529,0.6209325117183214,0.6209325117183214,1,67165149
9.0,24.187493749374934,87.72807407193766,195.65981073666154,74.72234198978687,74.72234198978687,0.6178593182414187,0.6178593182414187,1,67165149
9.0,24.187493749374934,87.94581513247797,195.22520978303783,74.28774103616315,74.28774103616315,0.6142657176962201,0.6142657176962201,1,67165149
9.0,24.187493749374934,88.1635561930183,194.72590345598846,73.78843470911379,73.78843470911379,0.6101370855012266,0.6101370855012266,1,67165149
9.0,24.187493749374934,88.38129725355861,194.16013772876474,73.22266898189007,73.22266898189007,0.6054589180723391,0.6054589180723391,1,67165149
9.0,24.187493749374934,88.59903831409893,193.52620261618506,72.58873386931039,72.58873386931039,0.6002170759935495,0.6002170759935495,1,67165149
9.0,24.187493749374934,88.81677937463925,192.8224402291353,71.88497148226064,71.88497148226064,0.5943978506174773,0.5943978506174773,1,67165149
9.0,24.187493749374934,89.03452043517956,192.04721456739307,71.1097458205184,71.1097458205184,0.5879877142902088,0.5879877142902088,1,67165149
9.0,24.187493749374934,89.25226149571988,191.19886740469997,70.2613986578253,70.2613986578253,0.5809729555766069,0.5809729555766069,1,67165149
9.0,24.187493749374934,89.4700025562602,190.27574042461748,69.33827167774281,69.33827167774281,0.5733398622958584,0.5733398622958584,1,67165149
9.0,24.187493749374934,89.6877436168005,189.2762037285571,68.33873498168244,68.33873498168244,0.5650749572468498,0.5650749572468498,1,67165149
9.0,24.187493749374934,89.90548467734082,188.1986516746949,67.26118292782023,67.26118292782023,0.5561649638012489,0.5561649638012489,1,67165149
9.0,24.187493749374934,90.12322573788114,187.04152081728205,66.10405207040738,66.10405207040738,0.5465969542389292,0.5465969542389292,1,67165149
9.0,24.187493749374934,90.34096679842146,185.80287315514798,64.8654044082733,64.8654044082733,0.5363549037398684,0.5363549037398684,1,67165149
9.0,24.187493749374934,90.55870785896178,184.48109336633613,63.543624619461454,63.543624619461454,0.5254254556332739,0.5254254556332739,1,67165149
9.0,24.187493749374934,90.77644891950209,183.07520240173088,62.137733654856206,62.137733654856206,0.5138005144204906,0.5138005144204906,1,67165149
9.0,24.187493749374934,90.9941899800424,181.58367227710778,60.64620353023311,60.64620353023311,0.501467445603374,0.501467445603374,1,67165149
9.0,24.187493749374934,91.21193104058273,180.0041648236242,59.06669607674952,59.06669607674952,0.48840691548107135,0.48840691548107135,1,67165149
