c,p,vb,debt,debt_diff,abs_debt_diff,debt_per_diff,abs_debt_per_diff,count,time
8.0,14.264851485148515,59.8120642586511,138.39493539496647,67.0706779692239,67.0706779692239,0.9403627936687994,0.9403627936687994,1,69087669
8.0,14.264851485148515,60.93348807229151,138.38126235118114,67.05700492543856,67.05700492543856,0.9401710910941239,0.9401710910941239,1,69087669
8.0,14.264851485148515,62.05491188593193,138.2718190817753,66.94756165603273,66.94756165603273,0.9386366444226002,0.9386366444226002,1,69087669
8.0,14.264851485148515,63.17633569957234,138.16296018845603,66.83870276271345,66.83870276271345,0.9371103909816497,0.9371103909816497,1,69087669
8.0,14.264851485148515,64.29775951321275,138.00720551171943,66.68294808597686,66.68294808597686,0.9349266363607376,0.9349266363607376,1,69087669
8.0,14.264851485148515,65.41918332685317,137.76784322556165,66.44358579981908,66.44358579981908,0.9315706633047686,0.9315706633047686,1,69087669
8.0,14.264851485148515,66.54060714049359,137.46960748703466,66.14535006129209,66.14535006129209,0.9273892564553881,0.9273892564553881,1,69087669
8.0,14.264851485148515,67.662030954134,137.10482620004603,65.78056877430346,65.78056877430346,0.922274849377706,0.922274849377706,1,69087669
8.0,14.264851485148515,68.78345476777442,136.5995471941233,65.27528976838072,65.27528976838072,0.9151905974813747,0.9151905974813747,1,69087669
8.0,14.264851485148515,69.90487858141483,135.93736413332405,64.61310670758148,64.61310670758148,0.9059064761361415,0.9059064761361415,1,69087669
8.0,14.264851485148515,71.02630239505525,135.21055009815237,63.886292672409795,63.886292672409795,0.8957161978016157,0.8957161978016157,1,69087669
8.0,14.264851485148515,72.14772620869567,134.4673947634157,63.14313733767314,63.14313733767314,0.8852968066777702,0.8852968066777702,1,69087669
8.0,14.264851485148515,73.26915002233608,133.63678034269077,62.3125229169482,62.3125229169482,0.873651197586225,0.873651197586225,1,69087669
8.0,14.264851485148515,74.3905738359765,132.64738611515097,61.32312868940839,61.32312868940839,0.8597794201117818,0.8597794201117818,1,69087669
8.0,14.264851485148515,75.51199764961692,131.54356603158925,60.21930860584668,60.21930860584668,0.8443033377325024,0.8443033377325024,1,69087669
8.0,14.264851485148515,76.63342146325732,130.42655745729562,59.10230003155304,59.10230003155304,0.8286423464427357,0.8286423464427357,1,69087669
8.0,14.264851485148515,77.75484527689774,129.31613554891814,57.99187812317557,57.99187812317557,0.8130737033407228,0.8130737033407228,1,69087669
8.0,14.264851485148515,78.87626909053816,128.1235762015487,56.79931877580613,56.79931877580613,0.7963534542920588,0.7963534542920588,1,69087669
8.0,14.264851485148515,79.99769290417858,126.77130714355533,55.44704971781276,55.44704971781276,0.7773939991669739,0.7773939991669739,1,69087669
8.0,14.264851485148515,81.119116717819,125.25089703362299,53.92663960788042,53.92663960788042,0.7560771265515769,0.7560771265515769,1,69087669
8.0,14.264851485148515,82.2405405314594,123.59252269102443,52.268265265281855,52.268265265281855,0.7328259297995443,0.7328259297995443,1,69087669
8.0,14.264851485148515,83.36196434509982,121.82132284357328,50.49706541783071,50.49706541783071,0.7079928658269515,0.7079928658269515,1,69087669
8.0,14.264851485148515,84.48338815874024,119.94814970183006,48.62389227608749,48.62389227608749,0.6817300877855057,0.6817300877855057,1,69087669
8.0,14.264851485148515,85.60481197238065,117.97077134866754,46.64651392292497,46.64651392292497,0.6540063031359253,0.6540063031359253,1,69087669
8.0,14.264851485148515,86.72623578602106,115.90182922964856,44.57757180390598,44.57757180390598,0.6249987509553364,0.6249987509553364,1,69087669
8.0,14.264851485148515,87.84765959966148,113.76942373273675,42.44516630699418,42.44516630699418,0.5951014120432292,0.5951014120432292,1,69087669
8.0,14.264851485148515,88.9690834133019,111.50451701593042,40.180259590187845,40.180259590187845,0.5633463430309176,0.5633463430309176,1,69087669
8.0,14.264851485148515,90.09050722694232,108.86353222518414,37.53927479944157,37.53927479944157,0.5263184806168453,0.5263184806168453,1,69087669
8.0,14.264851485148515,91.21193104058273,105.60415369926763,34.279896273525054,34.279896273525054,0.4806204440223537,0.4806204440223537,1,69087669
8.0,14.79172654107516,61.13268863725264,141.30362463825162,67.34499193287581,67.34499193287581,0.9105764867389271,0.9105764867389271,1,72082660
8.0,14.79172654107516,62.206947294514435,141.11054136546556,67.15190866008976,67.15190866008976,0.9079657938999285,0.9079657938999285,1,72082660
8.0,14.79172654107516,63.28120595177622,140.92588557983993,66.96725287446412,66.96725287446412,0.9054690497218522,0.9054690497218522,1,72082660
8.0,14.79172654107516,64.35546460903801,140.72284909672337,66.76421639134756,66.76421639134756,0.9027237788090516,0.9027237788090516,1,72082660
8.0,14.79172654107516,65.4297232662998,140.45285306489743,66.49422035952162,66.49422035952162,0.8990731430151003,0.8990731430151003,1,72082660
8.0,14.79172654107516,66.50398192356158,140.12704487162287,66.16841216624707,66.16841216624707,0.8946678669660899,0.8946678669660899,1,72082660
8.0,14.79172654107516,67.57824058082338,139.7859320541091,65.8272993487333,65.8272993487333,0.8900556559903593,0.8900556559903593,1,72082660
8.0,14.79172654107516,68.65249923808517,139.73222109216417,65.77358838678836,65.77358838678836,0.8893294262051372,0.8893294262051372,1,72082660
8.0,14.79172654107516,69.72675789534695,138.9205063016627,64.96187359628689,64.96187359628689,0.8783541720554959,0.8783541720554959,1,72082660
8.0,14.79172654107516,70.80101655260873,138.00776410596913,64.04913140059332,64.04913140059332,0.8660129190833162,0.8660129190833162,1,72082660
8.0,14.79172654107516,71.87527520987052,137.18764953756093,63.229016832185124,63.229016832185124,0.8549240909315677,0.8549240909315677,1,72082660
8.0,14.79172654107516,72.94953386713232,136.36400831683062,62.405375611454815,62.405375611454815,0.8437875786597496,0.8437875786597496,1,72082660
8.0,14.79172654107516,74.02379252439411,135.4372659021343,61.478633196758494,61.478633196758494,0.8312570277180072,0.8312570277180072,1,72082660
8.0,14.79172654107516,75.0980511816559,134.331646563716,60.37301385834019,60.37301385834019,0.8163078690062353,0.8163078690062353,1,72082660
8.0,14.79172654107516,76.17230983891768,133.08827981635142,59.12964711097561,59.12964711097561,0.7994962176562477,0.7994962176562477,1,72082660
8.0,14.79172654107516,77.24656849617946,131.82161472481232,57.862982019436515,57.862982019436515,0.7823695477165122,0.7823695477165122,1,72082660
8.0,14.79172654107516,78.32082715344126,130.57153329463299,56.61290058925718,56.61290058925718,0.7654671066565321,0.7654671066565321,1,72082660
8.0,14.79172654107516,79.39508581070305,129.2419953433294,55.28336263795359,55.28336263795359,0.747490328251231,0.747490328251231,1,72082660
8.0,14.79172654107516,80.46934446796485,127.74116021858147,53.782527513205665,53.782527513205665,0.7271974284253688,0.7271974284253688,1,72082660
8.0,14.79172654107516,81.54360312522664,126.04641442073539,52.08778171535958,52.08778171535958,0.704282648421291,0.704282648421291,1,72082660
8.0,14.79172654107516,82.61786178248842,124.20015063536304,50.24151792998724,50.24151792998724,0.6793191827941317,0.6793191827941317,1,72082660
8.0,14.79172654107516,83.6921204397502,122.28778740588237,48.329154700506564,48.329154700506564,0.6534619818220853,0.6534619818220853,1,72082660
8.0,14.79172654107516,84.76637909701199,120.3318820831009,46.37324937772509,46.37324937772509,0.6270160450702109,0.6270160450702109,1,72082660
8.0,14.79172654107516,85.84063775427379,118.31612082185642,44.35748811648061,44.35748811648061,0.5997607918629952,0.5997607918629952,1,72082660
8.0,14.79172654107516,86.91489641153557,116.234771076987,42.2761383716112,42.2761383716112,0.5716187120443924,0.5716187120443924,1,72082660
8.0,14.79172654107516,87.98915506879736,114.1015701264368,40.14293742106099,40.14293742106099,0.5427755483389721,0.5427755483389721,1,72082660
8.0,14.79172654107516,89.06341372605915,111.84273540303504,37.88410269765923,37.88410269765923,0.5122336813415097,0.5122336813415097,1,72082660
8.0,14.79172654107516,90.13767238332093,109.26150840341037,35.30287569803457,35.30287569803457,0.4773327251555385,0.4773327251555385,1,72082660
8.0,14.79172654107516,91.21193104058273,106.13527372252271,32.176641017146906,32.176641017146906,0.43506268085467314,0.43506268085467314,1,72082660
8.0,15.318601597001805,62.45394294078326,142.77208139933774,66.17907341432871,66.17907341432871,0.8640354407713228,0.8640354407713228,1,72868101
8.0,15.318601597001805,63.481013944347524,142.98075067382302,66.387742688814,66.387742688814,0.8667598314170868,0.8667598314170868,1,72868101
8.0,15.318601597001805,64.5080849479118,142.92946116323716,66.33645317822814,66.33645317822814,0.8660901944366994,0.8660901944366994,1,72868101
8.0,15.318601597001805,65.53515595147607,143.552694888404,66.95968690339498,66.95968690339498,0.8742271476856021,0.8742271476856021,1,72868101
8.0,15.318601597001805,66.56222695504033,143.5724992989665,66.97949131395748,66.97949131395748,0.8744857145063016,0.8744857145063016,1,72868101
8.0,15.318601597001805,67.58929795860459,142.8078637447534,66.21485575974438,66.21485575974438,0.8645026158615434,0.8645026158615434,1,72868101
8.0,15.318601597001805,68.61636896216886,142.22833332294215,65.63532533793312,65.63532533793312,0.8569362539042654,0.8569362539042654,1,72868101
8.0,15.318601597001805,69.64343996573314,140.24818308376115,63.655175098752125,63.655175098752125,0.8310833687483703,0.8310833687483703,1,72868101
8.0,15.318601597001805,70.6705109692974,139.53487781814096,62.94186983313193,62.94186983313193,0.8217704394825579,0.8217704394825579,1,72868101
8.0,15.318601597001805,71.69758197286166,140.67430939699446,64.08130141198544,64.08130141198544,0.8366468832837534,0.8366468832837534,1,72868101
8.0,15.318601597001805,72.72465297642593,139.31791812784192,62.7249101428329,62.7249101428329,0.818937808985248,0.818937808985248,1,72868101
8.0,15.318601597001805,73.7517239799902,138.41947861963166,61.82647063462264,61.82647063462264,0.8072077629686965,0.8072077629686965,1,72868101
8.0,15.318601597001805,74.77879498355446,137.40170666585135,60.808698680842326,60.808698680842326,0.7939197099132594,0.7939197099132594,1,72868101
8.0,15.318601597001805,75.80586598711872,136.17730016642182,59.58429218141279,59.58429218141279,0.7779338316765778,0.7779338316765778,1,72868101
8.0,15.318601597001805,76.832936990683,134.78497987808143,58.191971893072406,58.191971893072406,0.7597556673118503,0.7597556673118503,1,72868101
8.0,15.318601597001805,77.86000799424727,133.3567220367041,56.763714051695075,56.763714051695075,0.7411083014627786,0.7411083014627786,1,72868101
8.0,15.318601597001805,78.88707899781153,131.9595823452697,55.36657436026067,55.36657436026067,0.7228672148650587,0.7228672148650587,1,72868101
8.0,15.318601597001805,79.91415000137579,130.49550806626326,53.90250008125423,53.90250008125423,0.7037522288170764,0.7037522288170764,1,72868101
8.0,15.318601597001805,80.94122100494006,128.84830837559625,52.25530039058722,52.25530039058722,0.6822463533592357,0.6822463533592357,1,72868101
8.0,15.318601597001805,81.96829200850433,126.97501410667807,50.38200612166905,50.38200612166905,0.6577885821056922,0.6577885821056922,1,72868101
8.0,15.318601597001805,82.9953630120686,124.92959976562615,48.33659178061713,48.33659178061713,0.6310836073976581,0.6310836073976581,1,72868101
8.0,15.318601597001805,84.02243401563285,122.84409032512747,46.251082340118444,46.251082340118444,0.6038551501877406,0.6038551501877406,1,72868101
8.0,15.318601597001805,85.04950501919713,120.77861831552633,44.18561033051731,44.18561033051731,0.5768883021171518,0.5768883021171518,1,72868101
8.0,15.318601597001805,86.0765760227614,118.70554921088161,42.11254122587259,42.11254122587259,0.54982226620627,0.54982226620627,1,72868101
8.0,15.318601597001805,87.10364702632566,116.59086539716908,39.99785741216006,39.99785741216006,0.5222129077368073,0.5222129077368073,1,72868101
8.0,15.318601597001805,88.13071802988992,114.42454567429563,37.831537689286606,37.831537689286606,0.4939293896995283,0.4939293896995283,1,72868101
8.0,15.318601597001805,89.1577890334542,112.11546551961165,35.52245753460262,35.52245753460262,0.4637819883187662,0.4637819883187662,1,72868101
8.0,15.318601597001805,90.18486003701847,109.5081955641029,32.91518757909388,32.91518757909388,0.4297414143277429,0.4297414143277429,1,72868101
8.0,15.318601597001805,91.21193104058273,106.44314706006725,29.850139075058223,29.850139075058223,0.38972407351987753,0.38972407351987753,1,72868101
8.0,15.84547665292845,63.774517876487145,147.08114100083733,67.85375773619508,67.85375773619508,0.8564432515654846,0.8564432515654846,1,68072832
8.0,15.84547665292845,64.75442548949056,147.22275906022895,67.9953757955867,67.9953757955867,0.858230740354791,0.858230740354791,1,68072832
8.0,15.84547665292845,65.73433310249398,146.76527547028428,67.53789220564202,67.53789220564202,0.852456428859275,0.852456428859275,1,68072832
8.0,15.84547665292845,66.7142407154974,144.91552218160575,65.6881389169635,65.6881389169635,0.8291090303657539,0.8291090303657539,1,68072832
8.0,15.84547665292845,67.6941483285008,144.64345091462536,65.4160676499831,65.4160676499831,0.8256749744147754,0.8256749744147754,1,68072832
8.0,15.84547665292845,68.67405594150421,144.2042595671567,64.97687630251444,64.97687630251444,0.8201315457494409,0.8201315457494409,1,68072832
8.0,15.84547665292845,69.65396355450763,143.71811927121306,64.4907360065708,64.4907360065708,0.8139955322158399,0.8139955322158399,1,68072832
8.0,15.84547665292845,70.63387116751105,144.51244522778603,65.28506196314378,65.28506196314378,0.8240214339160096,0.8240214339160096,1,68072832
8.0,15.84547665292845,71.61377878051445,142.84769418158558,63.620310916943325,63.620310916943325,0.8030091149727006,0.8030091149727006,1,68072832
8.0,15.84547665292845,72.59368639351786,141.34084015360668,62.11345688896442,62.11345688896442,0.7839897561867922,0.7839897561867922,1,68072832
8.0,15.84547665292845,73.57359400652128,141.91493624495044,62.68755298030818,62.68755298030818,0.7912359388535365,0.7912359388535365,1,68072832
8.0,15.84547665292845,74.5535016195247,139.51702221087257,60.28963894623031,60.28963894623031,0.7609697110006217,0.7609697110006217,1,68072832
8.0,15.84547665292845,75.53340923252811,138.055612884124,58.828229619481746,58.828229619481746,0.742523950626749,0.742523950626749,1,68072832
8.0,15.84547665292845,76.51331684553153,138.20124716770468,58.97386390306242,58.97386390306242,0.7443621317906304,0.7443621317906304,1,68072832
8.0,15.84547665292845,77.49322445853494,136.65209261827002,57.42470935362776,57.42470935362776,0.7248088601110643,0.7248088601110643,1,68072832
8.0,15.84547665292845,78.47313207153834,135.06280680720823,55.83542354256598,55.83542354256598,0.7047490557154916,0.7047490557154916,1,68072832
8.0,15.84547665292845,79.45303968454176,133.51246299983785,54.285079735195595,54.285079735195595,0.6851807733428202,0.6851807733428202,1,68072832
8.0,15.84547665292845,80.43294729754518,131.92666059493757,52.69927733029532,52.69927733029532,0.6651649361466927,0.6651649361466927,1,68072832
8.0,15.84547665292845,81.41285491054859,130.15443336485396,50.9270501002117,50.9270501002117,0.6427960637056597,0.6427960637056597,1,68072832
8.0,15.84547665292845,82.392762523552,128.11726757892538,48.88988431428312,48.88988431428312,0.617083163670531,0.617083163670531,1,68072832
8.0,15.84547665292845,83.37267013655541,125.8845205714499,46.65713730680764,46.65713730680764,0.5889016572838128,0.5889016572838128,1,68072832
8.0,15.84547665292845,84.35257774955883,123.60542969196185,44.37804642731959,44.37804642731959,0.5601352032425979,0.5601352032425979,1,68072832
8.0,15.84547665292845,85.33248536256224,121.37747044895606,42.150087184313804,42.150087184313804,0.5320141275336633,0.5320141275336633,1,68072832
8.0,15.84547665292845,86.31239297556566,119.2128923562601,39.98550909161784,39.98550909161784,0.5046930422787629,0.5046930422787629,1,68072832
8.0,15.84547665292845,87.29230058856908,117.0594267432465,37.83204347860425,37.83204347860425,0.477512217615901,0.477512217615901,1,68072832
8.0,15.84547665292845,88.27220820157248,114.85182450293465,35.62444123829239,35.62444123829239,0.4496480859313062,0.4496480859313062,1,68072832
8.0,15.84547665292845,89.2521158145759,112.47071629082332,33.24333302618106,33.24333302618106,0.41959397945958615,0.41959397945958615,1,68072832
8.0,15.84547665292845,90.23202342757932,109.78554280578358,30.558159541141322,30.558159541141322,0.38570199193715987,0.38570199193715987,1,68072832
8.0,15.84547665292845,91.21193104058273,106.68110039727009,27.45371713262783,27.45371713262783,0.34651803456545466,0.34651803456545466,1,68072832
8.0,16.372351708855096,65.0962723508913,150.43853459855745,68.57677605428198,68.57677605428198,0.8377144258047153,0.8377144258047153,1,70098737
8.0,16.372351708855096,66.02897444695171,150.22132827020604,68.35956972593057,68.35956972593057,0.8350610949672898,0.8350610949672898,1,70098737
8.0,16.372351708855096,66.96167654301212,149.85770744251084,67.99594889823537,67.99594889823537,0.8306192061762185,0.8306192061762185,1,70098737
8.0,16.372351708855096,67.89437863907253,149.37711547485384,67.51535693057836,67.51535693057836,0.8247484311500862,0.8247484311500862,1,70098737
8.0,16.372351708855096,68.82708073513292,147.77998259398572,65.91822404971025,65.91822404971025,0.8052383093390052,0.8052383093390052,1,70098737
8.0,16.372351708855096,69.75978283119333,148.10550055434956,66.24374201007409,66.24374201007409,0.8092147443210094,0.8092147443210094,1,70098737
8.0,16.372351708855096,70.69248492725374,147.9542803317414,66.09252178746591,66.09252178746591,0.8073674810164179,0.8073674810164179,1,70098737
8.0,16.372351708855096,71.62518702331415,147.33619442025142,65.47443587597594,65.47443587597594,0.7998171190100156,0.7998171190100156,1,70098737
8.0,16.372351708855096,72.55788911937456,146.48276664790214,64.62100810362666,64.62100810362666,0.7893918876501531,0.7893918876501531,1,70098737
8.0,16.372351708855096,73.49059121543497,144.22350955155696,62.361751007281484,62.361751007281484,0.761793444414619,0.761793444414619,1,70098737
8.0,16.372351708855096,74.42329331149539,142.67126634654642,60.80950780227094,60.80950780227094,0.7428316821386352,0.7428316821386352,1,70098737
8.0,16.372351708855096,75.35599540755578,142.74244545942867,60.88068691515319,60.88068691515319,0.743701185972269,0.743701185972269,1,70098737
8.0,16.372351708855096,76.28869750361619,142.15715826421192,60.29539971993644,60.29539971993644,0.7365514837715742,0.7365514837715742,1,70098737
8.0,16.372351708855096,77.2213995996766,139.1005424629832,57.23878391870774,57.23878391870774,0.6992127329850819,0.6992127329850819,1,70098737
8.0,16.372351708855096,78.15410169573701,138.7905998624519,56.928841318176424,56.928841318176424,0.6954265621766003,0.6954265621766003,1,70098737
8.0,16.372351708855096,79.08680379179742,137.0523836541233,55.19062510984783,55.19062510984783,0.6741930064939615,0.6741930064939615,1,70098737
8.0,16.372351708855096,80.01950588785783,135.35213028415276,53.49037173987729,53.49037173987729,0.6534231940662094,0.6534231940662094,1,70098737
8.0,16.372351708855096,80.95220798391824,133.64076326891347,51.779004724638,51.779004724638,0.6325176205032657,0.6325176205032657,1,70098737
8.0,16.372351708855096,81.88491007997864,131.77184884344,49.91009029916454,49.91009029916454,0.6096874925081207,0.6096874925081207,1,70098737
8.0,16.372351708855096,82.81761217603905,129.6163819502727,47.754623405997236,47.754623405997236,0.5833569209262568,0.5833569209262568,1,70098737
8.0,16.372351708855096,83.75031427209946,127.22565693359641,45.36389838932094,45.36389838932094,0.5541525029026291,0.5541525029026291,1,70098737
8.0,16.372351708855096,84.68301636815987,124.75271081455759,42.89095227028211,42.89095227028211,0.5239436952369434,0.5239436952369434,1,70098737
8.0,16.372351708855096,85.61571846422028,122.32606766878807,40.464309124512596,40.464309124512596,0.49430051154626986,0.49430051154626986,1,70098737
8.0,16.372351708855096,86.54842056028069,120.00183027265125,38.14007172837577,38.14007172837577,0.4659082874178358,0.4659082874178358,1,70098737
8.0,16.372351708855096,87.4811226563411,117.76060494609295,35.89884640181748,35.89884640181748,0.43853011516239726,0.43853011516239726,1,70098737
8.0,16.372351708855096,88.4138247524015,115.51106456347382,33.64930601919835,33.64930601919835,0.41105036854294913,0.41105036854294913,1,70098737
8.0,16.372351708855096,89.3465268484619,113.06773585674175,31.205977312466274,31.205977312466274,0.3812033587769595,0.3812033587769595,1,70098737
8.0,16.372351708855096,90.27922894452232,110.29555029032264,28.433791746047163,28.433791746047163,0.3473391269828214,0.3473391269828214,1,70098737
8.0,16.372351708855096,91.21193104058273,107.1069530548678,25.245194510592327,25.245194510592327,0.308388128468292,0.308388128468292,1,70098737
8.0,16.89922676478174,66.41669782658185,153.51297846791655,69.01684464400785,69.01684464400785,0.816804763965178,0.816804763965178,1,69929892
8.0,16.89922676478174,67.30224186993902,153.25631512489437,68.76018130098566,68.76018130098566,0.8137671889732018,0.8137671889732018,1,69929892
8.0,16.89922676478174,68.1877859132962,152.83818357534875,68.34204975144004,68.34204975144004,0.808818660198891,0.808818660198891,1,69929892
8.0,16.89922676478174,69.07332995665337,152.3356660462332,67.8395322223245,67.8395322223245,0.8028714350848662,0.8028714350848662,1,69929892
8.0,16.89922676478174,69.95887400001055,151.85567450194046,67.35954067803175,67.35954067803175,0.7971908018704158,0.7971908018704158,1,69929892
8.0,16.89922676478174,70.84441804336772,151.40805780773633,66.91192398382762,66.91192398382762,0.7918933205071031,0.7918933205071031,1,69929892
8.0,16.89922676478174,71.7299620867249,150.90838835316583,66.41225452925713,66.41225452925713,0.7859798019594757,0.7859798019594757,1,69929892
8.0,16.89922676478174,72.61550613008207,150.2282137257776,65.7320799018689,65.7320799018689,0.7779300297792986,0.7779300297792986,1,69929892
8.0,16.89922676478174,73.50105017343924,149.32946225131255,64.83332842740384,64.83332842740384,0.7672934309931568,0.7672934309931568,1,69929892
8.0,16.89922676478174,74.38659421679642,148.31340180828522,63.817267984376514,63.817267984376514,0.7552684968684215,0.7552684968684215,1,69929892
8.0,16.89922676478174,75.2721382601536,147.27258598963445,62.77645216572574,62.77645216572574,0.7429505863138409,0.7429505863138409,1,69929892
8.0,16.89922676478174,76.15768230351077,146.19772306539977,61.701589241491064,61.701589241491064,0.7302297329967565,0.7302297329967565,1,69929892
8.0,16.89922676478174,77.04322634686794,144.974856248008,60.47872242409929,60.47872242409929,0.715757274174673,0.715757274174673,1,69929892
8.0,16.89922676478174,77.92877039022511,143.47601948449142,58.97988566058271,58.97988566058271,0.6980187493962473,0.6980187493962473,1,69929892
8.0,16.89922676478174,78.8143144335823,139.66323273064629,55.16709890673758,55.16709890673758,0.6528949480896569,0.6528949480896569,1,69929892
8.0,16.89922676478174,79.69985847693947,139.51902394142417,55.02289011751546,55.02289011751546,0.6511882571122608,0.6511882571122608,1,69929892
8.0,16.89922676478174,80.58540252029664,137.68042356949817,53.18428974558947,53.18428974558947,0.6294286772508003,0.6294286772508003,1,69929892
8.0,16.89922676478174,81.47094656365381,135.854586349133,51.358452525224294,51.358452525224294,0.6078201475141588,0.6078201475141588,1,69929892
8.0,16.89922676478174,82.35649060701098,133.90827251515915,49.41213869125045,49.41213869125045,0.5847857938000588,0.5847857938000588,1,69929892
8.0,16.89922676478174,83.24203465036817,131.6854783127574,47.18934448884869,47.18934448884869,0.5584793333526009,0.5584793333526009,1,69929892
8.0,16.89922676478174,84.12757869372534,129.17347302938566,44.677339205476954,44.677339205476954,0.5287500999582447,0.5287500999582447,1,69929892
8.0,16.89922676478174,85.01312273708251,126.51561893084484,42.01948510693613,42.01948510693613,0.49729476610735124,0.49729476610735124,1,69929892
8.0,16.89922676478174,85.89866678043968,123.86995996923415,39.37382614532544,39.37382614532544,0.46598376000706876,0.46598376000706876,1,69929892
8.0,16.89922676478174,86.78421082379685,121.3356822898764,36.839548465967695,36.839548465967695,0.43599093590177634,0.43599093590177634,1,69929892
8.0,16.89922676478174,87.66975486715403,118.93646164135056,34.440327817441855,34.440327817441855,0.40759649298530093,0.40759649298530093,1,69929892
8.0,16.89922676478174,88.5552989105112,116.58676322932617,32.09062940541746,32.09062940541746,0.3797881388549072,0.3797881388549072,1,69929892
8.0,16.89922676478174,89.44084295386838,114.08144098852812,29.585307164619408,29.585307164619408,0.35013799834055914,0.35013799834055914,1,69929892
8.0,16.89922676478174,90.32638699722555,111.24647412973096,26.75034030582225,26.75034030582225,0.31658655958828114,0.31658655958828114,1,69929892
8.0,16.89922676478174,91.21193104058273,107.97686088058148,23.480727056672777,23.480727056672777,0.277891141216082,0.277891141216082,1,69929892
8.0,17.426101820708386,67.73725003751086,156.587535709908,69.45702660636607,69.45702660636607,0.7971608030411771,0.7971608030411771,1,68145403
8.0,17.426101820708386,68.57563150190629,156.30006450806403,69.1695554045221,69.1695554045221,0.7938614856746006,0.7938614856746006,1,68145403
8.0,17.426101820708386,69.41401296630171,155.88512483733655,68.75461573379462,68.75461573379462,0.7890992080866849,0.7890992080866849,1,68145403
8.0,17.426101820708386,70.25239443069714,155.42673588582113,68.2962267822792,68.2962267822792,0.7838382615338455,0.7838382615338455,1,68145403
8.0,17.426101820708386,71.09077589509256,155.00200563010935,67.87149652656743,67.87149652656743,0.7789636170484443,0.7789636170484443,1,68145403
8.0,17.426101820708386,71.92915735948799,154.5856179868144,67.45510888327249,67.45510888327249,0.7741847210270735,0.7741847210270735,1,68145403
8.0,17.426101820708386,72.7675388238834,154.07226691265606,66.94175780911414,66.94175780911414,0.7682929722075146,0.7682929722075146,1,68145403
8.0,17.426101820708386,73.60592028827882,153.36520813505715,66.23469903151522,66.23469903151522,0.7601780330791471,0.7601780330791471,1,68145403
8.0,17.426101820708386,74.44430175267425,152.4641376158676,65.33362851232567,65.33362851232567,0.7498364141851411,0.7498364141851411,1,68145403
8.0,17.426101820708386,75.28268321706967,151.46639349764692,64.335884394105,64.335884394105,0.7383852689033547,0.7383852689033547,1,68145403
8.0,17.426101820708386,76.1210646814651,150.44954339981766,63.31903429627573,63.31903429627573,0.7267148436035221,0.7267148436035221,1,68145403
8.0,17.426101820708386,76.95944614586053,149.3926598618231,62.262150758281166,62.262150758281166,0.7145849530649667,0.7145849530649667,1,68145403
8.0,17.426101820708386,77.79782761025595,148.17296391817698,61.04245481463505,61.04245481463505,0.7005864586662174,0.7005864586662174,1,68145403
8.0,17.426101820708386,78.63620907465138,146.67479397635213,59.54428487281021,59.54428487281021,0.6833919081323224,0.6833919081323224,1,68145403
8.0,17.426101820708386,79.4745905390468,144.89527797524704,57.764768871705115,57.764768871705115,0.6629683387142854,0.6629683387142854,1,68145403
8.0,17.426101820708386,80.31297200344221,142.96634267882564,55.835833575283715,55.835833575283715,0.6408298786471104,0.6408298786471104,1,68145403
8.0,17.426101820708386,81.15135346783764,139.9730493369683,52.84254023342638,52.84254023342638,0.6064757428495077,0.6064757428495077,1,68145403
8.0,17.426101820708386,81.98973493223306,138.805341792495,51.674832688953074,51.674832688953074,0.5930739211858048,0.5930739211858048,1,68145403
8.0,17.426101820708386,82.82811639662849,136.80609526614396,49.67558616260203,49.67558616260203,0.5701284965931948,0.5701284965931948,1,68145403
8.0,17.426101820708386,83.66649786102391,134.5493141006506,47.41880499710868,47.41880499710868,0.5442273376453973,0.5442273376453973,1,68145403
8.0,17.426101820708386,84.50487932541934,131.97292224349894,44.84241313995702,44.84241313995702,0.5146579952455957,0.5146579952455957,1,68145403
8.0,17.426101820708386,85.34326078981476,129.15409243450367,42.02358333096174,42.02358333096174,0.48230618371600276,0.48230618371600276,1,68145403
8.0,17.426101820708386,86.18164225421019,126.27122382341139,39.140714719869464,39.140714719869464,0.4492193965417604,0.4492193965417604,1,68145403
8.0,17.426101820708386,87.02002371860561,123.48252311437106,36.35201401082914,36.35201401082914,0.4172133777805666,0.4172133777805666,1,68145403
8.0,17.426101820708386,87.85840518300103,120.85793948373895,33.72743038019702,33.72743038019702,0.38709093665591787,0.38709093665591787,1,68145403
8.0,17.426101820708386,88.69678664739645,118.33158218802005,31.201073084478125,31.201073084478125,0.35809584272485073,0.35809584272485073,1,68145403
8.0,17.426101820708386,89.53516811179188,115.71741990892107,28.586910805379148,28.586910805379148,0.3280930078281508,0.3280930078281508,1,68145403
8.0,17.426101820708386,90.3735495761873,112.83283480404623,25.702325700504304,25.702325700504304,0.29498652039276885,0.29498652039276885,1,68145403
8.0,17.426101820708386,91.21193104058273,109.53306162114211,22.402552517600185,22.402552517600185,0.2571149043898965,0.2571149043898965,1,68145403
8.0,17.95297687663503,69.05850280476942,159.57489518942563,69.81001080625047,69.81001080625047,0.7776984428371316,0.7776984428371316,1,69741446
8.0,17.95297687663503,69.84969667033417,159.3048349686181,69.53995058544295,69.53995058544295,0.7746899142497753,0.7746899142497753,1,69741446
8.0,17.95297687663503,70.64089053589893,158.96002046372553,69.19513608055037,69.19513608055037,0.7708486069583773,0.7708486069583773,1,69741446
8.0,17.95297687663503,71.4320844014637,158.6005679201231,68.83568353694794,68.83568353694794,0.7668442287867523,0.7668442287867523,1,69741446
8.0,17.95297687663503,72.22327826702846,158.26416427536685,68.4992798921917,68.4992798921917,0.7630966202751627,0.7630966202751627,1,69741446
8.0,17.95297687663503,73.01447213259323,157.88743155157374,68.12254716839858,68.12254716839858,0.758899737202435,0.758899737202435,1,69741446
8.0,17.95297687663503,73.80566599815799,157.38325121157334,67.61836682839818,67.61836682839818,0.7532830604421973,0.7532830604421973,1,69741446
8.0,17.95297687663503,74.59685986372276,156.70263051020822,66.93774612703307,66.93774612703307,0.7457008003407997,0.7457008003407997,1,69741446
8.0,17.95297687663503,75.3880537292875,155.85883387298867,66.09394948981351,66.09394948981351,0.7363007254338051,0.7363007254338051,1,69741446
8.0,17.95297687663503,76.17924759485226,154.9291568258561,65.16427244268094,65.16427244268094,0.725943924402746,0.725943924402746,1,69741446
8.0,17.95297687663503,76.97044146041702,153.98783970473224,64.22295532155708,64.22295532155708,0.7154574504592638,0.7154574504592638,1,69741446
8.0,17.95297687663503,77.76163532598179,152.98531338386425,63.220429000689094,63.220429000689094,0.7042890929466695,0.7042890929466695,1,69741446
8.0,17.95297687663503,78.55282919154655,151.80264632887668,62.03776194570152,62.03776194570152,0.6911139291494415,0.6911139291494415,1,69741446
8.0,17.95297687663503,79.34402305711131,150.35633701002894,60.59145262685378,60.59145262685378,0.6750017341771408,0.6750017341771408,1,69741446
8.0,17.95297687663503,80.13521692267608,148.636425715902,58.871541332726835,58.871541332726835,0.6558415547155906,0.6558415547155906,1,69741446
8.0,17.95297687663503,80.92641078824084,146.71692119224795,56.952036809072794,56.952036809072794,0.6344578640124383,0.6344578640124383,1,69741446
8.0,17.95297687663503,81.7176046538056,144.73440198020882,54.96951759703366,54.96951759703366,0.6123721762107759,0.6123721762107759,1,69741446
8.0,17.95297687663503,82.50879851937034,142.76622216566113,53.001337782485976,53.001337782485976,0.5904462323623305,0.5904462323623305,1,69741446
8.0,17.95297687663503,83.29999238493511,140.7224166076787,50.95753222450354,50.95753222450354,0.5676778015664066,0.5676778015664066,1,69741446
8.0,17.95297687663503,84.09118625049987,138.76627173679555,49.00138735362039,49.00138735362039,0.5458859295629509,0.5458859295629509,1,69741446
8.0,17.95297687663503,84.88238011606464,135.73845905834133,45.97357467516618,45.97357467516618,0.5121554491054757,0.5121554491054757,1,69741446
8.0,17.95297687663503,85.6735739816294,132.85035292542125,43.08546854224609,43.08546854224609,0.47998132942865684,0.47998132942865684,1,69741446
8.0,17.95297687663503,86.46476784719417,129.7794032323038,40.014518849128635,40.014518849128635,0.4457702934069467,0.4457702934069467,1,69741446
8.0,17.95297687663503,87.25596171275893,126.69859651088795,36.933712127712795,36.933712127712795,0.4114494479829728,0.4114494479829728,1,69741446
8.0,17.95297687663503,88.04715557832368,123.77039541569236,34.005511032517205,34.005511032517205,0.37882866185578173,0.37882866185578173,1,69741446
8.0,17.95297687663503,88.83834944388843,120.97638900435142,31.21150462117626,31.21150462117626,0.3477028331919325,0.3477028331919325,1,69741446
8.0,17.95297687663503,89.6295433094532,118.1749697216543,28.41008533847915,28.41008533847915,0.3164944235566143,0.3164944235566143,1,69741446
8.0,17.95297687663503,90.42073717501796,115.2005732194802,25.435688836305047,25.435688836305047,0.28335901072104,0.28335901072104,1,69741446
8.0,17.95297687663503,91.21193104058273,111.89653161099686,22.131647227821702,22.131647227821702,0.2465512809368681,0.2465512809368681,1,69741446
8.0,18.479851932561676,70.38039868724655,162.37619918945072,69.97693952664234,69.97693952664234,0.7573322533319903,0.7573322533319903,1,69989775
8.0,18.479851932561676,71.12438198557999,162.18523519121564,69.78597552840726,69.78597552840726,0.7552655268351335,0.7552655268351335,1,69989775
8.0,18.479851932561676,71.86836528391342,161.9598475736449,69.56058791083653,69.56058791083653,0.7528262473604576,0.7528262473604576,1,69989775
8.0,18.479851932561676,72.61234858224685,161.72506216856502,69.32580250575664,69.32580250575664,0.7502852594138367,0.7502852594138367,1,69989775
8.0,18.479851932561676,73.3563318805803,161.46878033410752,69.06952067129914,69.06952067129914,0.7475116242635904,0.7475116242635904,1,69989775
8.0,18.479851932561676,74.10031517891373,161.1408726189583,68.74161295614992,68.74161295614992,0.7439628110334212,0.7439628110334212,1,69989775
8.0,18.479851932561676,74.84429847724716,160.69139216090156,68.29213249809318,68.29213249809318,0.7390982649353569,0.7390982649353569,1,69989775
8.0,18.479851932561676,75.5882817755806,160.09778081912484,67.69852115631646,67.69852115631646,0.732673848290213,0.732673848290213,1,69989775
8.0,18.479851932561676,76.33226507391403,159.37616235990328,66.9769026970949,66.9769026970949,0.7248640621311576,0.7248640621311576,1,69989775
8.0,18.479851932561676,77.07624837224746,158.5812891699244,66.18202950711601,66.18202950711601,0.716261469503472,0.716261469503472,1,69989775
8.0,18.479851932561676,77.8202316705809,157.74286285407328,65.3436031912649,65.3436031912649,0.7071875189230153,0.7071875189230153,1,69989775
8.0,18.479851932561676,78.56421496891434,156.8142191459111,64.41495948310272,64.41495948310272,0.6971371818147845,0.6971371818147845,1,69989775
8.0,18.479851932561676,79.30819826724777,155.71010031849303,63.31084065568466,63.31084065568466,0.68518774811318,0.68518774811318,1,69989775
8.0,18.479851932561676,80.05218156558121,154.3662135919708,61.966953929162415,61.966953929162415,0.6706434029374018,0.6706434029374018,1,69989775
8.0,18.479851932561676,80.79616486391464,152.76778323075212,60.36852356794374,60.36852356794374,0.6533442344478294,0.6533442344478294,1,69989775
8.0,18.479851932561676,81.54014816224807,150.9628460596954,58.56358639688703,58.56358639688703,0.6338101258668359,0.6338101258668359,1,69989775
8.0,18.479851932561676,82.2841314605815,149.04779393195065,56.648534269142274,56.648534269142274,0.6130842874268599,0.6130842874268599,1,69989775
8.0,18.479851932561676,83.02811475891494,147.08609423005402,54.68683456724564,54.68683456724564,0.5918536010657847,0.5918536010657847,1,69989775
8.0,18.479851932561676,83.77209805724839,145.03983109266778,52.640571429859406,52.640571429859406,0.5697077186761028,0.5697077186761028,1,69989775
8.0,18.479851932561676,84.51608135558182,142.8070281998131,50.40776853700471,50.40776853700471,0.5455429915884309,0.5455429915884309,1,69989775
8.0,18.479851932561676,85.26006465391525,140.3197219243417,47.92046226153333,47.92046226153333,0.5186238768190239,0.5186238768190239,1,69989775
8.0,18.479851932561676,86.00404795224868,140.52314496195865,48.123885299150274,48.123885299150274,0.5208254424848018,0.5208254424848018,1,69989775
8.0,18.479851932561676,86.74803125058212,134.38385821767687,41.9845985548685,41.9845985548685,0.4543824128903461,0.4543824128903461,1,69989775
8.0,18.479851932561676,87.49201454891555,131.11935737963609,38.72009771682771,38.72009771682771,0.41905203416270376,0.41905203416270376,1,69989775
8.0,18.479851932561676,88.23599784724898,127.8738815874974,35.47462192468902,35.47462192468902,0.38392755584997296,0.38392755584997296,1,69989775
8.0,18.479851932561676,88.97998114558243,124.71670081954885,32.31744115674047,32.31744115674047,0.3497586590485266,0.3497586590485266,1,69989775
8.0,18.479851932561676,89.72396444391586,121.62323287344472,29.223973210636345,29.223973210636345,0.3162793004758163,0.3162793004758163,1,69989775
8.0,18.479851932561676,90.4679477422493,118.47218156809686,26.07292190528848,26.07292190528848,0.2821767403812121,0.2821767403812121,1,69989775
8.0,18.479851932561676,91.21193104058273,115.11646774382145,22.71720808101307,22.71720808101307,0.2458592002134512,0.2458592002134512,1,69989775
8.0,19.00672698848832,71.70071621194207,164.90152742051689,69.86789247807528,69.86789247807528,0.7351912038342183,0.7351912038342183,1,67726696
8.0,19.00672698848832,72.39754531296495,164.8257710715786,69.79213612913699,69.79213612913699,0.7343940508158773,0.7343940508158773,1,67726696
8.0,19.00672698848832,73.09437441398782,164.72263274953445,69.68899780709285,69.68899780709285,0.7333087685144415,0.7333087685144415,1,67726696
8.0,19.00672698848832,73.79120351501071,164.5920573401999,69.55842239775828,69.55842239775828,0.7319347769859299,0.7319347769859299,1,67726696
8.0,19.00672698848832,74.48803261603359,164.4186874194867,69.3850524770451,69.3850524770451,0.7301104763494428,0.7301104763494428,1,67726696
8.0,19.00672698848832,75.18486171705646,164.17363028932695,69.13999534688534,69.13999534688534,0.727531840582136,0.727531840582136,1,67726696
8.0,19.00672698848832,75.88169081807935,163.8277526428529,68.79411770041128,68.79411770041128,0.7238923118333562,0.7238923118333562,1,67726696
8.0,19.00672698848832,76.57851991910223,163.37079759735846,68.33716265491685,68.33716265491685,0.7190839611291957,0.7190839611291957,1,67726696
8.0,19.00672698848832,77.2753490201251,162.81613987836516,67.78250493592355,67.78250493592355,0.7132475252259575,0.7132475252259575,1,67726696
8.0,19.00672698848832,77.97217812114799,162.1801273517294,67.14649240928779,67.14649240928779,0.7065550260174301,0.7065550260174301,1,67726696
8.0,19.00672698848832,78.66900722217088,161.4639499032811,66.4303149608395,66.4303149608395,0.6990189841846406,0.6990189841846406,1,67726696
8.0,19.00672698848832,79.36583632319375,160.6402134742379,65.60657853179629,65.60657853179629,0.690351143271872,0.690351143271872,1,67726696
8.0,19.00672698848832,80.06266542421663,159.65427767593806,64.62064273349645,64.62064273349645,0.6799765448584052,0.6799765448584052,1,67726696
8.0,19.00672698848832,80.75949452523952,158.4557983212793,63.422163378837695,63.422163378837695,0.6673654376921411,0.6673654376921411,1,67726696
8.0,19.00672698848832,81.45632362626239,157.02924728046636,61.995612338024756,61.995612338024756,0.6523544256259716,0.6523544256259716,1,67726696
8.0,19.00672698848832,82.15315272728527,155.40307689945044,60.36944195700883,60.36944195700883,0.6352429010378524,0.6352429010378524,1,67726696
8.0,19.00672698848832,82.84998182830816,153.6318841846726,58.59824924223099,58.59824924223099,0.6166053658551712,0.6166053658551712,1,67726696
8.0,19.00672698848832,83.54681092933103,151.7496282481549,56.71599330571328,56.71599330571328,0.5967991578988227,0.5967991578988227,1,67726696
8.0,19.00672698848832,84.24364003035392,149.75267362201296,54.719038679571355,54.719038679571355,0.5757860226299106,0.5757860226299106,1,67726696
8.0,19.00672698848832,84.9404691313768,147.59699613531572,52.56336119287411,52.56336119287411,0.5531027117368479,0.5531027117368479,1,67726696
8.0,19.00672698848832,85.63729823239969,145.20655579947643,50.172920857034825,50.172920857034825,0.5279490875774954,0.5279490875774954,1,67726696
8.0,19.00672698848832,86.33412733342257,142.52949849278602,47.49586355034441,47.49586355034441,0.49977951047658986,0.49977951047658986,1,67726696
8.0,19.00672698848832,87.03095643444544,139.46109596252288,44.42746102008127,44.42746102008127,0.4674919679436586,0.4674919679436586,1,67726696
8.0,19.00672698848832,87.72778553546831,134.23892221711782,39.20528727467621,39.20528727467621,0.4125411734321371,0.4125411734321371,1,67726696
8.0,19.00672698848832,88.4246146364912,133.05880785930768,38.02517291686607,38.02517291686607,0.40012331360256315,0.40012331360256315,1,67726696
8.0,19.00672698848832,89.12144373751408,129.61745236381736,34.583817421375755,34.583817421375755,0.36391133983585816,0.36391133983585816,1,67726696
8.0,19.00672698848832,89.81827283853697,126.18795497965257,31.154320037210965,31.154320037210965,0.32782414411571226,0.32782414411571226,1,67726696
8.0,19.00672698848832,90.51510193955986,122.7520363139445,27.718401371502893,27.718401371502893,0.291669379881038,0.291669379881038,1,67726696
8.0,19.00672698848832,91.21193104058273,119.24147540914038,24.20784046669877,24.20784046669877,0.25472918594938065,0.25472918594938065,1,67726696
8.0,19.533602044414966,73.02222272300175,167.11248442897886,69.44447420690403,69.44447420690403,0.7110257908295982,0.7110257908295982,1,69651789
8.0,19.533602044414966,73.67185516291536,167.11248442897886,69.44447420690403,69.44447420690403,0.7110257908295982,0.7110257908295982,1,69651789
8.0,19.533602044414966,74.32148760282897,167.11045345874987,69.44244323667505,69.44244323667505,0.71100499619864,0.71100499619864,1,69651789
8.0,19.533602044414966,74.97112004274257,167.08044663673851,69.41243641466369,69.41243641466369,0.7106977633396606,0.7106977633396606,1,69651789
8.0,19.533602044414966,75.62075248265617,167.01075164878247,69.34274142670765,69.34274142670765,0.7099841725969234,0.7099841725969234,1,69651789
8.0,19.533602044414966,76.27038492256978,166.8794979705229,69.21148774844806,69.21148774844806,0.708640296767354,0.708640296767354,1,69651789
8.0,19.533602044414966,76.92001736248338,166.66797675385746,68.99996653178263,68.99996653178263,0.7064745803143978,0.7064745803143978,1,69651789
8.0,19.533602044414966,77.56964980239698,166.36685830301337,68.69884808093855,68.69884808093855,0.7033914986568581,0.7033914986568581,1,69651789
8.0,19.533602044414966,78.2192822423106,165.97650192150297,68.30849169942815,68.30849169942815,0.6993947306196797,0.6993947306196797,1,69651789
8.0,19.533602044414966,78.86891468222422,165.49820685225578,67.83019663018095,67.83019663018095,0.6944975788484942,0.6944975788484942,1,69651789
8.0,19.533602044414966,79.51854712213782,164.92535819159917,67.25734796952435,67.25734796952435,0.6886323148858715,0.6886323148858715,1,69651789
8.0,19.533602044414966,80.16817956205142,164.23753496809542,66.56952474602059,66.56952474602059,0.6815898531633504,0.6815898531633504,1,69651789
8.0,19.533602044414966,80.81781200196502,163.39924640105514,65.73123617898031,65.73123617898031,0.6730068118468109,0.6730068118468109,1,69651789
8.0,19.533602044414966,81.46744444187863,162.37252501308302,64.7045147910082,64.7045147910082,0.662494450781631,0.662494450781631,1,69651789
8.0,19.533602044414966,82.11707688179223,161.14090467068948,63.47289444861465,63.47289444861465,0.6498841770636233,0.6498841770636233,1,69651789
8.0,19.533602044414966,82.76670932170583,159.7164407896758,62.048430567600974,62.048430567600974,0.635299423286263,0.635299423286263,1,69651789
8.0,19.533602044414966,83.41634176161945,158.12436708898605,60.45635686691122,60.45635686691122,0.6189985516183572,0.6189985516183572,1,69651789
8.0,19.533602044414966,84.06597420153307,156.38524899372524,58.717238771650415,58.717238771650415,0.6011921266558086,0.6011921266558086,1,69651789
8.0,19.533602044414966,84.71560664144667,154.50416050496645,56.83615028289162,56.83615028289162,0.5819320999133611,0.5819320999133611,1,69651789
8.0,19.533602044414966,85.36523908136027,152.46251297805225,54.79450275597742,54.79450275597742,0.5610281465895249,0.5610281465895249,1,69651789
8.0,19.533602044414966,86.01487152127388,150.22171786998575,52.553707647910926,52.553707647910926,0.5380851675836925,0.5380851675836925,1,69651789
8.0,19.533602044414966,86.66450396118748,147.72889408473455,50.06088386265972,50.06088386265972,0.5125617256748926,0.5125617256748926,1,69651789
8.0,19.533602044414966,87.31413640110108,144.9495774901098,47.28156726803496,47.28156726803496,0.48410495064379255,0.48410495064379255,1,69651789
8.0,19.533602044414966,87.96376884101468,141.890219647004,44.22220942492916,44.22220942492916,0.4527808985191561,0.4527808985191561,1,69651789
8.0,19.533602044414966,88.6134012809283,138.82063776871576,41.15262754664093,41.15262754664093,0.4213521648804887,0.4213521648804887,1,69651789
8.0,19.533602044414966,89.26303372084192,135.3247032542762,37.65669303220136,37.65669303220136,0.38555810594050816,0.38555810594050816,1,69651789
8.0,19.533602044414966,89.91266616075552,131.69068052630467,34.02267030422985,34.02267030422985,0.3483501939567525,0.3483501939567525,1,69651789
8.0,19.533602044414966,90.56229860066912,128.02094322534944,30.352933003274615,30.352933003274615,0.3107766087817183,0.3107766087817183,1,69651789
8.0,19.533602044414966,91.21193104058273,124.3002803719765,26.63227014990167,26.63227014990167,0.27268160874114206,0.27268160874114206,1,69651789
8.0,20.06047710034161,74.34236360233301,169.26355205979024,68.96116655808218,68.96116655808218,0.6875326664778859,0.6875326664778859,1,67623307
8.0,20.06047710034161,74.94484815369907,169.26355205979024,68.96116655808218,68.96116655808218,0.6875326664778859,0.6875326664778859,1,67623307
8.0,20.06047710034161,75.54733270506513,169.26355205979024,68.96116655808218,68.96116655808218,0.6875326664778859,0.6875326664778859,1,67623307
8.0,20.06047710034161,76.14981725643119,169.26355205979024,68.96116655808218,68.96116655808218,0.6875326664778859,0.6875326664778859,1,67623307
8.0,20.06047710034161,76.75230180779725,169.26355205979024,68.96116655808218,68.96116655808218,0.6875326664778859,0.6875326664778859,1,67623307
8.0,20.06047710034161,77.35478635916331,169.25056945606323,68.94818395435517,68.94818395435517,0.6874032318322184,0.6874032318322184,1,67623307
8.0,20.06047710034161,77.95727091052937,169.1746137574712,68.87222825576315,68.87222825576315,0.6866459647122781,0.6866459647122781,1,67623307
8.0,20.06047710034161,78.55975546189543,169.01970987861165,68.71732437690359,68.71732437690359,0.685101595871151,0.685101595871151,1,67623307
8.0,20.06047710034161,79.1622400132615,168.7791208981531,68.47673539644505,68.47673539644505,0.6827029591961096,0.6827029591961096,1,67623307
8.0,20.06047710034161,79.76472456462756,168.44832645509834,68.14594095339028,68.14594095339028,0.679404987354262,0.679404987354262,1,67623307
8.0,20.06047710034161,80.36720911599362,168.01911829552031,67.71673279381226,67.71673279381226,0.675125845263761,0.675125845263761,1,67623307
8.0,20.06047710034161,80.96969366735968,167.47568482262082,67.17329932091276,67.17329932091276,0.669707893634981,0.669707893634981,1,67623307
8.0,20.06047710034161,81.57217821872574,166.79206372462713,66.48967822291907,66.48967822291907,0.662892292046103,0.662892292046103,1,67623307
8.0,20.06047710034161,82.1746627700918,165.94077162700577,65.63838612529771,65.63838612529771,0.654405035303771,0.654405035303771,1,67623307
8.0,20.06047710034161,82.77714732145787,164.90320799705327,64.60082249534521,64.60082249534521,0.6440606788384422,0.6440606788384422,1,67623307
8.0,20.06047710034161,83.37963187282394,163.6799525907156,63.37756708900754,63.37756708900754,0.6318650027314483,0.6318650027314483,1,67623307
8.0,20.06047710034161,83.98211642419,162.28060942896713,61.978223927259066,61.978223927259066,0.6179137576563783,0.6179137576563783,1,67623307
8.0,20.06047710034161,84.58460097555606,160.7160912240034,60.41370572229535,60.41370572229535,0.60231574174541,0.60231574174541,1,67623307
8.0,20.06047710034161,85.18708552692212,158.99158650633575,58.68920100462769,58.68920100462769,0.5851226838830096,0.5851226838830096,1,67623307
8.0,20.06047710034161,85.78957007828818,157.10106455136034,56.79867904965228,56.79867904965228,0.5662744586337386,0.5662744586337386,1,67623307
8.0,20.06047710034161,86.39205462965424,155.02467264495044,54.72228714324238,54.72228714324238,0.5455731373638218,0.5455731373638218,1,67623307
8.0,20.06047710034161,86.9945391810203,152.73046914704793,52.42808364533987,52.42808364533987,0.522700266629721,0.522700266629721,1,67623307
8.0,20.06047710034161,87.59702373238636,150.1819404266808,49.87955492497274,49.87955492497274,0.497291810912347,0.497291810912347,1,67623307
8.0,20.06047710034161,88.19950828375242,147.35463882628625,47.05225332457819,47.05225332457819,0.4691040306691104,0.4691040306691104,1,67623307
8.0,20.06047710034161,88.80199283511848,144.26034853137386,43.957963029665805,43.957963029665805,0.4382544124926843,0.4382544124926843,1,67623307
8.0,20.06047710034161,89.40447738648454,141.1651136053803,40.86272810367224,40.86272810367224,0.407395376483607,0.407395376483607,1,67623307
8.0,20.06047710034161,90.0069619378506,137.68968958833094,37.387304086622876,37.387304086622876,0.37274591127233164,0.37274591127233164,1,67623307
8.0,20.06047710034161,90.60944648921667,133.91171926020905,33.609333758500995,33.609333758500995,0.33508010393161247,0.33508010393161247,1,67623307
8.0,20.06047710034161,91.21193104058273,130.06901325180147,29.766627750093406,29.766627750093406,0.2967688913997614,0.2967688913997614,1,67623307
8.0,20.587352156268256,75.66411320179026,171.4146196905955,68.47785890925421,68.47785890925421,0.6652420222811866,0.6652420222811866,1,71072354
8.0,20.587352156268256,76.21939241031856,171.4146196905955,68.47785890925421,68.47785890925421,0.6652420222811866,0.6652420222811866,1,71072354
8.0,20.587352156268256,76.77467161884687,171.4146196905955,68.47785890925421,68.47785890925421,0.6652420222811866,0.6652420222811866,1,71072354
8.0,20.587352156268256,77.32995082737517,171.4146196905955,68.47785890925421,68.47785890925421,0.6652420222811866,0.6652420222811866,1,71072354
8.0,20.587352156268256,77.88523003590346,171.4146196905955,68.47785890925421,68.47785890925421,0.6652420222811866,0.6652420222811866,1,71072354
8.0,20.587352156268256,78.44050924443177,171.4146196905955,68.47785890925421,68.47785890925421,0.6652420222811866,0.6652420222811866,1,71072354
8.0,20.587352156268256,78.99578845296007,171.4146196905955,68.47785890925421,68.47785890925421,0.6652420222811866,0.6652420222811866,1,71072354
8.0,20.587352156268256,79.55106766148837,171.37929717423333,68.44253639289205,68.44253639289205,0.6648988745456833,0.6648988745456833,1,71072354
8.0,20.587352156268256,80.10634687001668,171.26397819211624,68.32721741077496,68.32721741077496,0.6637785849499961,0.6637785849499961,1,71072354
8.0,20.587352156268256,80.66162607854498,171.05912962581812,68.12236884447684,68.12236884447684,0.6617885420853943,0.6617885420853943,1,71072354
8.0,20.587352156268256,81.21690528707329,170.75500480026363,67.81824401892236,67.81824401892236,0.6588340599038488,0.6588340599038488,1,71072354
8.0,20.587352156268256,81.77218449560158,170.33851644709137,67.40175566575009,67.40175566575009,0.6547879994876193,0.6547879994876193,1,71072354
8.0,20.587352156268256,82.32746370412988,169.79088879701575,66.85412801567448,66.85412801567448,0.6494679598252203,0.6494679598252203,1,71072354
8.0,20.587352156268256,82.88274291265819,169.09490812070933,66.15814733936806,66.15814733936806,0.6427067146585416,0.6427067146585416,1,71072354
8.0,20.587352156268256,83.43802212118649,168.23294014144665,65.29617936010537,65.29617936010537,0.6343329522366437,0.6343329522366437,1,71072354
8.0,20.587352156268256,83.9933013297148,167.19572109282453,64.25896031148325,64.25896031148325,0.6242566778255478,0.6242566778255478,1,71072354
8.0,20.587352156268256,84.5485805382431,165.9830099754697,63.046249194128436,63.046249194128436,0.6124755501880573,0.6124755501880573,1,71072354
8.0,20.587352156268256,85.1038597467714,164.59844553801452,61.66168475667324,61.66168475667324,0.5990249186843489,0.5990249186843489,1,71072354
8.0,20.587352156268256,85.6591389552997,163.04461991906317,60.10785913772189,60.10785913772189,0.5839299651696178,0.5839299651696178,1,71072354
8.0,20.587352156268256,86.214418163828,161.3192042872798,58.382443505938525,58.382443505938525,0.5671680657404284,0.5671680657404284,1,71072354
8.0,20.587352156268256,86.7696973723563,159.41231200480686,56.47555122346559,56.47555122346559,0.5486431746519711,0.5486431746519711,1,71072354
8.0,20.587352156268256,87.32497658088461,157.30562391051228,54.368863129171004,54.368863129171004,0.528177326705098,0.528177326705098,1,71072354
8.0,20.587352156268256,87.88025578941291,154.97511919407862,52.03835841273734,52.03835841273734,0.5055371668754708,0.5055371668754708,1,71072354
8.0,20.587352156268256,88.43553499794122,152.4024228761379,49.46566209479663,49.46566209479663,0.48054418770639,0.48054418770639,1,71072354
8.0,20.587352156268256,88.99081420646952,149.57741066327148,46.6406498819302,46.6406498819302,0.453100034699989,0.453100034699989,1,71072354
8.0,20.587352156268256,89.54609341499781,146.49596926357654,43.55920848223526,43.55920848223526,0.42316474844942836,0.42316474844942836,1,71072354
8.0,20.587352156268256,90.10137262352612,143.10958115844218,40.172820377100905,40.172820377100905,0.39026699569880763,0.39026699569880763,1,71072354
8.0,20.587352156268256,90.65665183205442,135.77369991457408,32.836939133232804,32.836939133232804,0.3190010923598536,0.3190010923598536,1,71072354
8.0,20.587352156268256,90.9443504197709,138.01779705719602,35.08103627585474,35.08103627585474,0.34080182832228456,0.34080182832228456,1,71072354
8.0,20.587352156268256,91.21193104058273,136.15455415816808,33.217793376826805,33.217793376826805,0.3227009780052064,0.3227009780052064,1,71072354
8.0,21.1142272121949,76.98485180751345,173.56568732140013,67.99455126042562,67.99455126042562,0.644063839771073,0.644063839771073,1,70034163
8.0,21.1142272121949,77.49296178012307,173.56568732140013,67.99455126042562,67.99455126042562,0.644063839771073,0.644063839771073,1,70034163
8.0,21.1142272121949,78.00107175273268,173.56568732140013,67.99455126042562,67.99455126042562,0.644063839771073,0.644063839771073,1,70034163
8.0,21.1142272121949,78.5091817253423,173.56568732140013,67.99455126042562,67.99455126042562,0.644063839771073,0.644063839771073,1,70034163
8.0,21.1142272121949,79.01729169795192,173.56568732140013,67.99455126042562,67.99455126042562,0.644063839771073,0.644063839771073,1,70034163
8.0,21.1142272121949,79.52540167056154,173.56568732140013,67.99455126042562,67.99455126042562,0.644063839771073,0.644063839771073,1,70034163
8.0,21.1142272121949,80.03351164317115,173.56568732140013,67.99455126042562,67.99455126042562,0.644063839771073,0.644063839771073,1,70034163
8.0,21.1142272121949,80.54162161578077,173.56568732140013,67.99455126042562,67.99455126042562,0.644063839771073,0.644063839771073,1,70034163
8.0,21.1142272121949,81.04973158839039,173.53852446676294,67.96738840578843,67.96738840578843,0.6438065454418587,0.6438065454418587,1,70034163
8.0,21.1142272121949,81.557841561,173.42662122202677,67.85548516105226,67.85548516105226,0.6427465658971511,0.6427465658971511,1,70034163
8.0,21.1142272121949,82.06595153360962,173.21652699744521,67.6453909364707,67.6453909364707,0.6407564933032538,0.6407564933032538,1,70034163
8.0,21.1142272121949,82.57406150621924,172.8961659384612,67.32502987748668,67.32502987748668,0.6377219417114343,0.6377219417114343,1,70034163
8.0,21.1142272121949,83.08217147882885,172.4540970526339,66.88296099165939,66.88296099165939,0.6335345387685317,0.6335345387685317,1,70034163
8.0,21.1142272121949,83.59028145143847,171.87645090215386,66.30531484117935,66.30531484117935,0.6280629091921822,0.6280629091921822,1,70034163
8.0,21.1142272121949,84.09839142404809,171.15245954676,65.5813234857855,65.5813234857855,0.6212050559720019,0.6212050559720019,1,70034163
8.0,21.1142272121949,84.6065013966577,170.27022296397948,64.69908690300497,64.69908690300497,0.6128482586910579,0.6128482586910579,1,70034163
8.0,21.1142272121949,85.11461136926732,169.22087581339176,63.64973975241725,63.64973975241725,0.6029085423089053,0.6029085423089053,1,70034163
8.0,21.1142272121949,85.62272134187694,168.00185586625787,62.43071980528336,62.43071980528336,0.5913616366619885,0.5913616366619885,1,70034163
8.0,21.1142272121949,86.13083131448656,166.6126725758555,61.04153651488099,61.04153651488099,0.57820289515143,0.57820289515143,1,70034163
8.0,21.1142272121949,86.63894128709617,165.05118995285568,59.48005389188117,59.48005389188117,0.5634120850752936,0.5634120850752936,1,70034163
8.0,21.1142272121949,87.14705125970579,163.31142886256043,57.74029280158592,57.74029280158592,0.5469325703593545,0.5469325703593545,1,70034163
8.0,21.1142272121949,87.65516123231541,161.3821729420908,55.81103688111628,55.81103688111628,0.5286581064059177,0.5286581064059177,1,70034163
8.0,21.1142272121949,88.16327120492502,159.24947762922756,53.678341568253046,53.678341568253046,0.508456606332721,0.508456606332721,1,70034163
8.0,21.1142272121949,88.67138117753464,156.90284892912334,51.33171286814883,51.33171286814883,0.4862286680187023,0.4862286680187023,1,70034163
8.0,21.1142272121949,89.17949115014426,154.33428524855017,48.763149187575664,48.763149187575664,0.4618984980839046,0.4618984980839046,1,70034163
8.0,21.1142272121949,89.68760112275388,151.53865808622325,45.96752202524874,45.96752202524874,0.43541751789712074,0.43541751789712074,1,70034163
8.0,21.1142272121949,90.19571109536349,148.5111682912311,42.94003223025658,42.94003223025658,0.40674026852809264,0.40674026852809264,1,70034163
8.0,21.1142272121949,90.70382106797311,145.22243654752342,39.651300486548905,39.651300486548905,0.37558846069106977,0.37558846069106977,1,70034163
8.0,21.1142272121949,91.21193104058273,137.2978177112654,31.726681650290885,31.726681650290885,0.30052420419125325,0.30052420419125325,1,70034163
8.0,21.641102268121546,78.30615609881316,175.71675495221078,67.51124361160305,67.51124361160305,0.6239168668506371,0.6239168668506371,1,67525418
8.0,21.641102268121546,78.76707663244778,175.71675495221078,67.51124361160305,67.51124361160305,0.6239168668506371,0.6239168668506371,1,67525418
8.0,21.641102268121546,79.22799716608242,175.71675495221078,67.51124361160305,67.51124361160305,0.6239168668506371,0.6239168668506371,1,67525418
8.0,21.641102268121546,79.68891769971705,175.71675495221078,67.51124361160305,67.51124361160305,0.6239168668506371,0.6239168668506371,1,67525418
8.0,21.641102268121546,80.14983823335167,175.71675495221078,67.51124361160305,67.51124361160305,0.6239168668506371,0.6239168668506371,1,67525418
8.0,21.641102268121546,80.6107587669863,175.71675495221078,67.51124361160305,67.51124361160305,0.6239168668506371,0.6239168668506371,1,67525418
8.0,21.641102268121546,81.07167930062093,175.71675495221078,67.51124361160305,67.51124361160305,0.6239168668506371,0.6239168668506371,1,67525418
8.0,21.641102268121546,81.53259983425556,175.71675495221078,67.51124361160305,67.51124361160305,0.6239168668506371,0.6239168668506371,1,67525418
8.0,21.641102268121546,81.99352036789018,175.71514408647315,67.50963274586542,67.50963274586542,0.6239019797555374,0.6239019797555374,1,67525418
8.0,21.641102268121546,82.4544409015248,175.654298472399,67.44878713179128,67.44878713179128,0.6233396644601306,0.6233396644601306,1,67525418
8.0,21.641102268121546,82.91536143515944,175.49977413525343,67.2942627946457,67.2942627946457,0.6219116009980102,0.6219116009980102,1,67525418
8.0,21.641102268121546,83.37628196879407,175.2403316008173,67.03482026020959,67.03482026020959,0.6195139178188286,0.6195139178188286,1,67525418
8.0,21.641102268121546,83.8372025024287,174.8653718089451,66.65986046833737,66.65986046833737,0.6160486618699711,0.6160486618699711,1,67525418
8.0,21.641102268121546,84.29812303606332,174.36672842454306,66.16121708393533,66.16121708393533,0.6114403625493161,0.6114403625493161,1,67525418
8.0,21.641102268121546,84.75904356969795,173.73516444383833,65.5296531032306,65.5296531032306,0.6056036544844496,0.6056036544844496,1,67525418
8.0,21.641102268121546,85.21996410333257,172.96125670994928,64.75574536934155,64.75574536934155,0.5984514519367167,0.5984514519367167,1,67525418
8.0,21.641102268121546,85.68088463696719,172.0371544539858,63.83164311337808,63.83164311337808,0.5899112006637977,0.5899112006637977,1,67525418
8.0,21.641102268121546,86.14180517060183,170.95664219790535,62.751130857297625,62.751130857297625,0.5799254592473625,0.5799254592473625,1,67525418
8.0,21.641102268121546,86.60272570423645,169.71294963277282,61.50743829216509,61.50743829216509,0.5684316587031586,0.5684316587031586,1,67525418
8.0,21.641102268121546,87.06364623787107,168.30189181175692,60.09638047114919,60.09638047114919,0.555391123119216,0.555391123119216,1,67525418
8.0,21.641102268121546,87.5245667715057,166.71950639329205,58.51399505268432,58.51399505268432,0.5407672338287356,0.5407672338287356,1,67525418
8.0,21.641102268121546,87.98548730514034,164.9587717228989,56.75326038229116,56.75326038229116,0.5244950989940251,0.5244950989940251,1,67525418
8.0,21.641102268121546,88.44640783877496,163.01278096755334,54.80726962694561,54.80726962694561,0.5065108879197853,0.5065108879197853,1,67525418
8.0,21.641102268121546,88.90732837240958,160.87413341850328,52.66862207789555,52.66862207789555,0.48674620567251914,0.48674620567251914,1,67525418
8.0,21.641102268121546,89.36824890604422,158.53715109347687,50.33163975286914,50.33163975286914,0.4651485781942838,0.4651485781942838,1,67525418
8.0,21.641102268121546,89.82916943967885,155.99770844667918,47.792197106071455,47.792197106071455,0.4416798785380892,0.4416798785380892,1,67525418
8.0,21.641102268121546,90.29008997331347,153.2535833151433,45.04807197453556,45.04807197453556,0.41631957019946886,0.41631957019946886,1,67525418
8.0,21.641102268121546,90.75101050694809,150.30079587235437,42.09528453174664,42.09528453174664,0.389030872921433,0.389030872921433,1,67525418
8.0,21.641102268121546,91.21193104058273,147.0766537123346,38.871142371726876,38.871142371726876,0.3592344039608931,0.3592344039608931,1,67525418
8.0,22.16797732404819,79.62681839809682,177.86782258301514,67.02793596277418,67.02793596277418,0.6047275760252709,0.6047275760252709,1,69433531
8.0,22.16797732404819,80.04057242104274,177.86782258301514,67.02793596277418,67.02793596277418,0.6047275760252709,0.6047275760252709,1,69433531
8.0,22.16797732404819,80.45432644398866,177.86782258301514,67.02793596277418,67.02793596277418,0.6047275760252709,0.6047275760252709,1,69433531
8.0,22.16797732404819,80.8680804669346,177.86782258301514,67.02793596277418,67.02793596277418,0.6047275760252709,0.6047275760252709,1,69433531
8.0,22.16797732404819,81.28183448988052,177.86782258301514,67.02793596277418,67.02793596277418,0.6047275760252709,0.6047275760252709,1,69433531
8.0,22.16797732404819,81.69558851282645,177.86782258301514,67.02793596277418,67.02793596277418,0.6047275760252709,0.6047275760252709,1,69433531
8.0,22.16797732404819,82.10934253577237,177.86782258301514,67.02793596277418,67.02793596277418,0.6047275760252709,0.6047275760252709,1,69433531
8.0,22.16797732404819,82.5230965587183,177.86782258301514,67.02793596277418,67.02793596277418,0.6047275760252709,0.6047275760252709,1,69433531
8.0,22.16797732404819,82.93685058166422,177.86694413445136,67.0270575142104,67.0270575142104,0.6047196506421749,0.6047196506421749,1,69433531
8.0,22.16797732404819,83.35060460461014,177.81647593885785,66.97658931861689,66.97658931861689,0.6042643254236783,0.6042643254236783,1,69433531
8.0,22.16797732404819,83.76435862755606,177.67595644128184,66.83606982104088,66.83606982104088,0.6029965552927194,0.6029965552927194,1,69433531
8.0,22.16797732404819,84.17811265050199,177.43629510590796,66.596408485667,66.596408485667,0.6008343252266151,0.6008343252266151,1,69433531
8.0,22.16797732404819,84.59186667344792,177.09021482123225,66.25032820099129,66.25032820099129,0.5977119809584236,0.5977119809584236,1,69433531
8.0,22.16797732404819,85.00562069639385,176.63093843459635,65.79105181435538,65.79105181435538,0.5935683788613781,0.5935683788613781,1,69433531
8.0,22.16797732404819,85.41937471933977,176.05168437770877,65.2117977574678,65.2117977574678,0.588342335470769,0.588342335470769,1,69433531
8.0,22.16797732404819,85.8331287422857,175.34409792620664,64.50421130596568,64.50421130596568,0.5819584742717184,0.5819584742717184,1,69433531
8.0,22.16797732404819,86.24688276523162,174.50288332952192,63.66299670928096,63.66299670928096,0.5743690168811052,0.5743690168811052,1,69433531
8.0,22.16797732404819,86.66063678817756,173.52158484304837,62.68169822280741,62.68169822280741,0.5655157194229828,0.5655157194229828,1,69433531
8.0,22.16797732404819,87.07439081112348,172.39392523147293,61.554038611231974,61.554038611231974,0.5553419485363432,0.5553419485363432,1,69433531
8.0,22.16797732404819,87.4881448340694,171.11427117096198,60.274384550721024,60.274384550721024,0.5437968802443186,0.5437968802443186,1,69433531
8.0,22.16797732404819,87.90189885701533,169.67613420142487,58.83624758118391,58.83624758118391,0.5308219755111114,0.5308219755111114,1,69433531
8.0,22.16797732404819,88.31565287996125,168.07398677557742,57.23410015533646,57.23410015533646,0.5163673646783097,0.5163673646783097,1,69433531
8.0,22.16797732404819,88.72940690290717,166.30495490483173,55.46506828459077,55.46506828459077,0.5004071185549377,0.5004071185549377,1,69433531
8.0,22.16797732404819,89.1431609258531,164.36298053831155,53.523093918070586,53.523093918070586,0.4828865812670048,0.4828865812670048,1,69433531
8.0,22.16797732404819,89.55691494879902,162.24472828089307,51.40484166065211,51.40484166065211,0.4637756608031828,0.4637756608031828,1,69433531
8.0,22.16797732404819,89.97066897174494,159.94674932064902,49.10686270040806,49.10686270040806,0.44304324190314026,0.44304324190314026,1,69433531
8.0,22.16797732404819,90.38442299469088,157.46714680516692,46.62726018492596,46.62726018492596,0.420672211120894,0.420672211120894,1,69433531
8.0,22.16797732404819,90.7981770176368,154.80357435566543,43.96368773542447,43.96368773542447,0.39664139937324755,0.39664139937324755,1,69433531
8.0,22.16797732404819,91.21193104058273,151.95111551635293,41.11122889611197,41.11122889611197,0.3709064502832545,0.3709064502832545,1,69433531
8.0,22.694852379974837,80.94836984453875,180.01889021382394,66.54462831394976,66.54462831394976,0.5864292677459005,0.5864292677459005,1,69443670
8.0,22.694852379974837,81.31492560154032,180.01889021382394,66.54462831394976,66.54462831394976,0.5864292677459005,0.5864292677459005,1,69443670
8.0,22.694852379974837,81.68148135854189,180.01889021382394,66.54462831394976,66.54462831394976,0.5864292677459005,0.5864292677459005,1,69443670
8.0,22.694852379974837,82.04803711554345,180.01889021382394,66.54462831394976,66.54462831394976,0.5864292677459005,0.5864292677459005,1,69443670
8.0,22.694852379974837,82.41459287254503,180.01889021382394,66.54462831394976,66.54462831394976,0.5864292677459005,0.5864292677459005,1,69443670
8.0,22.694852379974837,82.7811486295466,180.01889021382394,66.54462831394976,66.54462831394976,0.5864292677459005,0.5864292677459005,1,69443670
8.0,22.694852379974837,83.14770438654817,180.01889021382394,66.54462831394976,66.54462831394976,0.5864292677459005,0.5864292677459005,1,69443670
8.0,22.694852379974837,83.51426014354973,180.01889021382394,66.54462831394976,66.54462831394976,0.5864292677459005,0.5864292677459005,1,69443670
8.0,22.694852379974837,83.88081590055131,180.00771962571307,66.53345772583889,66.53345772583889,0.5863308261440444,0.5863308261440444,1,69443670
8.0,22.694852379974837,84.24737165755289,179.92659745132565,66.45233555145147,66.45233555145147,0.5856159312151926,0.5856159312151926,1,69443670
8.0,22.694852379974837,84.61392741455445,179.76135266390196,66.28709076402778,66.28709076402778,0.5841596997785916,0.5841596997785916,1,69443670
8.0,22.694852379974837,84.98048317155602,179.50517314821738,66.0309112483432,66.0309112483432,0.5819020995845439,0.5819020995845439,1,69443670
8.0,22.694852379974837,85.3470389285576,179.152527774154,65.67826587427983,65.67826587427983,0.5787943871556714,0.5787943871556714,1,69443670
8.0,22.694852379974837,85.71359468555917,178.69810247616343,65.22384057628925,65.22384057628925,0.5747897319115461,0.5747897319115461,1,69443670
8.0,22.694852379974837,86.08015044256074,178.13651121098553,64.66224931111135,64.66224931111135,0.5698406689630386,0.5698406689630386,1,69443670
8.0,22.694852379974837,86.4467061995623,177.46244430922718,63.988182409353,63.988182409353,0.5639004064711519,0.5639004064711519,1,69443670
8.0,22.694852379974837,86.81326195656388,176.67084968004212,63.196587780167945,63.196587780167945,0.5569244225261448,0.5569244225261448,1,69443670
8.0,22.694852379974837,87.17981771356546,175.756906660687,62.28264476081283,62.28264476081283,0.5488702346948854,0.5488702346948854,1,69443670
8.0,22.694852379974837,87.54637347056702,174.7157885391289,61.24152663925473,61.24152663925473,0.5396953072344473,0.5396953072344473,1,69443670
8.0,22.694852379974837,87.91292922756858,173.54131083587347,60.067048935999296,60.067048935999296,0.5293451389796253,0.5293451389796253,1,69443670
8.0,22.694852379974837,88.27948498457016,172.22914344685856,58.75488154698438,58.75488154698438,0.51778157058054,0.51778157058054,1,69443670
8.0,22.694852379974837,88.64604074157174,170.77494385822408,57.3006819583499,57.3006819583499,0.5049663333250853,0.5049663333250853,1,69443670
8.0,22.694852379974837,89.0125964985733,169.1734015219116,55.69913962203741,55.69913962203741,0.4908526276309638,0.4908526276309638,1,69443670
8.0,22.694852379974837,89.37915225557487,167.42092091397095,53.94665901409677,53.94665901409677,0.47540876768775514,0.47540876768775514,1,69443670
8.0,22.694852379974837,89.74570801257644,165.51476438113343,52.04050248125925,52.04050248125925,0.4586106277314059,0.4586106277314059,1,69443670
8.0,22.694852379974837,90.11226376957802,163.45071581937412,49.976453919499946,49.976453919499946,0.44042105304546914,0.44042105304546914,1,69443670
8.0,22.694852379974837,90.47881952657958,161.22803420344852,47.75377230357434,47.75377230357434,0.4208335132922974,0.4208335132922974,1,69443670
8.0,22.694852379974837,90.84537528358115,158.8458058432364,45.37154394336223,45.37154394336223,0.39983995651275117,0.39983995651275117,1,69443670
8.0,22.694852379974837,91.21193104058273,156.30090226215933,42.82664036228515,42.82664036228515,0.3774128127845759,0.3774128127845759,1,69443670
8.0,23.22172743590148,82.26801856501689,182.169957844631,66.06132066512359,66.06132066512359,0.5689612958163554,0.5689612958163554,1,67506530
8.0,23.22172743590148,82.58744401057281,182.169957844631,66.06132066512359,66.06132066512359,0.5689612958163554,0.5689612958163554,1,67506530
8.0,23.22172743590148,82.90686945612873,182.169957844631,66.06132066512359,66.06132066512359,0.5689612958163554,0.5689612958163554,1,67506530
8.0,23.22172743590148,83.22629490168465,182.169957844631,66.06132066512359,66.06132066512359,0.5689612958163554,0.5689612958163554,1,67506530
8.0,23.22172743590148,83.54572034724058,182.169957844631,66.06132066512359,66.06132066512359,0.5689612958163554,0.5689612958163554,1,67506530
8.0,23.22172743590148,83.8651457927965,182.169957844631,66.06132066512359,66.06132066512359,0.5689612958163554,0.5689612958163554,1,67506530
8.0,23.22172743590148,84.18457123835242,182.169957844631,66.06132066512359,66.06132066512359,0.5689612958163554,0.5689612958163554,1,67506530
8.0,23.22172743590148,84.50399668390835,182.15892197697104,66.05028479746363,66.05028479746363,0.5688662480410301,0.5688662480410301,1,67506530
8.0,23.22172743590148,84.82342212946428,182.08676117185422,65.97812399234681,65.97812399234681,0.5682447541808855,0.5682447541808855,1,67506530
8.0,23.22172743590148,85.1428475750202,181.94314818992052,65.83451101041311,65.83451101041311,0.5670078696094847,0.5670078696094847,1,67506530
8.0,23.22172743590148,85.46227302057612,181.72231056089188,65.61367338138447,65.61367338138447,0.5651058782125208,0.5651058782125208,1,67506530
8.0,23.22172743590148,85.78169846613204,181.4215033429731,65.31286616346569,65.31286616346569,0.5625151388392411,0.5625151388392411,1,67506530
8.0,23.22172743590148,86.10112391168796,181.03473133582511,64.9260941563177,64.9260941563177,0.5591840170851375,0.5591840170851375,1,67506530
8.0,23.22172743590148,86.42054935724389,180.56008430534447,64.45144712583706,64.45144712583706,0.5550960608227036,0.5550960608227036,1,67506530
8.0,23.22172743590148,86.73997480279981,179.9933801145822,63.8847429350748,63.8847429350748,0.5502152508801484,0.5502152508801484,1,67506530
8.0,23.22172743590148,87.05940024835573,179.32996719475318,63.22133001524577,63.22133001524577,0.544501525045925,0.544501525045925,1,67506530
8.0,23.22172743590148,87.37882569391165,178.56617974293343,62.45754256342602,62.45754256342602,0.5379233111389017,0.5379233111389017,1,67506530
8.0,23.22172743590148,87.69825113946757,177.69885368330662,61.59021650379921,61.59021650379921,0.5304533581647238,0.5304533581647238,1,67506530
8.0,23.22172743590148,88.0176765850235,176.72407314083364,60.61543596132623,60.61543596132623,0.5220579401652348,0.5220579401652348,1,67506530
8.0,23.22172743590148,88.33710203057942,175.63782230386894,59.52918512436153,59.52918512436153,0.5127024704658935,0.5127024704658935,1,67506530
8.0,23.22172743590148,88.65652747613534,174.43616563539663,58.32752845588922,58.32752845588922,0.5023530537673362,0.5023530537673362,1,67506530
8.0,23.22172743590148,88.97595292169126,173.11530853244867,57.006671352941254,57.006671352941254,0.4909770085821199,0.4909770085821199,1,67506530
8.0,23.22172743590148,89.2953783672472,171.67176179145778,55.56312461195037,55.56312461195037,0.4785442837129173,0.4785442837129173,1,67506530
8.0,23.22172743590148,89.61480381280312,170.10222250826538,53.99358532875797,53.99358532875797,0.46502643248910314,0.46502643248910314,1,67506530
8.0,23.22172743590148,89.93422925835904,168.40340730318164,52.294770123674226,52.294770123674226,0.4503951763969545,0.4503951763969545,1,67506530
8.0,23.22172743590148,90.25365470391496,166.5723681470953,50.46373096758788,50.46373096758788,0.43462512517108826,0.43462512517108826,1,67506530
8.0,23.22172743590148,90.57308014947088,164.60586188491274,48.49722470540533,48.49722470540533,0.4176883467370922,0.4176883467370922,1,67506530
8.0,23.22172743590148,90.8925055950268,162.50353217776103,46.39489499825362,46.39489499825362,0.399581772082345,0.399581772082345,1,67506530
8.0,23.22172743590148,91.21193104058273,160.2647994898511,44.15616231034369,44.15616231034369,0.3803004098831764,0.3803004098831764,1,67506530
8.0,23.748602491828127,83.59042245175677,184.32102547543627,65.57801301629564,65.57801301629564,0.5522683959097044,0.5522683959097044,1,69392014
8.0,23.748602491828127,83.86261918707197,184.32102547543627,65.57801301629564,65.57801301629564,0.5522683959097044,0.5522683959097044,1,69392014
8.0,23.748602491828127,84.13481592238719,184.32102547543627,65.57801301629564,65.57801301629564,0.5522683959097044,0.5522683959097044,1,69392014
8.0,23.748602491828127,84.40701265770241,184.32102547543627,65.57801301629564,65.57801301629564,0.5522683959097044,0.5522683959097044,1,69392014
8.0,23.748602491828127,84.67920939301762,184.32102547543627,65.57801301629564,65.57801301629564,0.5522683959097044,0.5522683959097044,1,69392014
8.0,23.748602491828127,84.95140612833282,184.31683059650805,65.57381813736743,65.57381813736743,0.5522330685347175,0.5522330685347175,1,69392014
8.0,23.748602491828127,85.22360286364804,184.2678001378611,65.52478767872046,65.52478767872046,0.5518201561651258,0.5518201561651258,1,69392014
8.0,23.748602491828127,85.49579959896326,184.16227388174727,65.41926142260664,65.41926142260664,0.5509314617154197,0.5509314617154197,1,69392014
8.0,23.748602491828127,85.76799633427846,183.99654811440473,65.2535356552641,65.2535356552641,0.5495357941817233,0.5495357941817233,1,69392014
8.0,23.748602491828127,86.04019306959367,183.76782627806114,65.0248138189205,65.0248138189205,0.5476096022180293,0.5476096022180293,1,69392014
8.0,23.748602491828127,86.31238980490889,183.47359511246952,64.7305826533289,64.7305826533289,0.5451317202820893,0.5451317202820893,1,69392014
8.0,23.748602491828127,86.58458654022411,183.10982029788156,64.36680783874093,64.36680783874093,0.5420681731557846,0.5420681731557846,1,69392014
8.0,23.748602491828127,86.85678327553931,182.67543615172022,63.93242369257959,63.93242369257959,0.5384099861419525,0.5384099861419525,1,69392014
8.0,23.748602491828127,87.12898001085452,182.1679911805503,63.42497872140967,63.42497872140967,0.5341365138705249,0.5341365138705249,1,69392014
8.0,23.748602491828127,87.40117674616974,181.5829968252667,62.83998436612606,62.83998436612606,0.5292099557247568,0.5292099557247568,1,69392014
8.0,23.748602491828127,87.67337348148496,180.91984657162163,62.176834112481004,62.176834112481004,0.5236252039156915,0.5236252039156915,1,69392014
8.0,23.748602491828127,87.94557021680018,180.17503324976315,61.432020790622516,61.432020790622516,0.5173527226434584,0.5173527226434584,1,69392014
8.0,23.748602491828127,88.2177669521154,179.34601686375333,60.603004404612705,60.603004404612705,0.5103711212098998,0.5103711212098998,1,69392014
8.0,23.748602491828127,88.4899636874306,178.4303518792056,59.68733942006497,59.68733942006497,0.5026598044293624,0.5026598044293624,1,69392014
8.0,23.748602491828127,88.76216042274581,177.4249319320255,58.68191947288486,58.68191947288486,0.4941926119069723,0.4941926119069723,1,69392014
8.0,23.748602491828127,89.03435715806103,176.32717621849795,57.584163759357324,57.584163759357324,0.48494780927991016,0.48494780927991016,1,69392014
8.0,23.748602491828127,89.30655389337625,175.13498253004684,56.39197007090621,56.39197007090621,0.4749076926973757,0.4749076926973757,1,69392014
8.0,23.748602491828127,89.57875062869145,173.84432452338444,55.101312064243814,55.101312064243814,0.46403835411539796,0.46403835411539796,1,69392014
8.0,23.748602491828127,89.85094736400666,172.45421271335601,53.711200254215385,53.711200254215385,0.4523314605370768,0.4523314605370768,1,69392014
8.0,23.748602491828127,90.12314409932188,170.96155323422505,52.21854077508442,52.21854077508442,0.4397609568230617,0.4397609568230617,1,69392014
8.0,23.748602491828127,90.3953408346371,169.36292379690568,50.619911337765046,50.619911337765046,0.4262980220009436,0.4262980220009436,1,69392014
8.0,23.748602491828127,90.6675375699523,167.6561044727672,48.91309201362657,48.91309201362657,0.4119239608348114,0.4119239608348114,1,69392014
8.0,23.748602491828127,90.9397343052675,165.83950682791098,47.09649436877035,47.09649436877035,0.3966253962520634,0.3966253962520634,1,69392014
8.0,23.748602491828127,91.21193104058273,163.91169605550422,45.16868359636359,45.16868359636359,0.38039024495783363,0.38039024495783363,1,69392014
8.0,24.27547754775477,84.91116644002926,186.47209310624592,65.09470536747206,65.09470536747206,0.5363001015277051,0.5363001015277051,1,69332386
8.0,24.27547754775477,85.1361937471919,186.47209310624592,65.09470536747206,65.09470536747206,0.5363001015277051,0.5363001015277051,1,69332386
8.0,24.27547754775477,85.36122105435452,186.47006213269518,65.09267439392131,65.09267439392131,0.536283368810116,0.536283368810116,1,69332386
8.0,24.27547754775477,85.58624836151714,186.43341064690566,65.0560229081318,65.0560229081318,0.5359814057635195,0.5359814057635195,1,69332386
8.0,24.27547754775477,85.81127566867976,186.355560312779,64.97817257400514,64.97817257400514,0.535340015010456,0.535340015010456,1,69332386
8.0,24.27547754775477,86.03630297584237,186.23355076458608,64.85616302581222,64.85616302581222,0.5343348067878544,0.5343348067878544,1,69332386
8.0,24.27547754775477,86.26133028300501,186.06431490028203,64.68692716150817,64.68692716150817,0.5329405119570225,0.5329405119570225,1,69332386
8.0,24.27547754775477,86.48635759016763,185.84700218897433,64.46961445020047,64.46961445020047,0.5311501231922272,0.5311501231922272,1,69332386
8.0,24.27547754775477,86.71138489733025,185.5802761035551,64.20288836478123,64.20288836478123,0.5289526291582208,0.5289526291582208,1,69332386
8.0,24.27547754775477,86.93641220449288,185.26249228725675,63.885104548482886,63.885104548482886,0.526334482382956,0.526334482382956,1,69332386
8.0,24.27547754775477,87.1614395116555,184.89196610513935,63.514578366365484,63.514578366365484,0.5232818035519133,0.5232818035519133,1,69332386
8.0,24.27547754775477,87.38646681881812,184.466996901897,63.08960916312314,63.08960916312314,0.5197805813625139,0.5197805813625139,1,69332386
8.0,24.27547754775477,87.61149412598074,183.98592304459163,62.60853530581777,62.60853530581777,0.5158171260083689,0.5158171260083689,1,69332386
8.0,24.27547754775477,87.83652143314336,183.44690705242886,62.06951931365499,62.06951931365499,0.5113762989135987,0.5113762989135987,1,69332386
8.0,24.27547754775477,88.061548740306,182.84855547046317,61.471167731689306,61.471167731689306,0.5064466197277734,0.5064466197277734,1,69332386
8.0,24.27547754775477,88.28657604746863,182.1893245615524,60.81193682277855,60.81193682277855,0.5010153699604811,0.5010153699604811,1,69332386
8.0,24.27547754775477,88.51160335463125,181.4675680220737,60.09018028329983,60.09018028329983,0.4950689860999875,0.4950689860999875,1,69332386
8.0,24.27547754775477,88.73663066179387,180.68160318621563,59.30421544744176,59.30421544744176,0.48859360505496446,0.48859360505496446,1,69332386
8.0,24.27547754775477,88.96165796895649,179.8293575948542,58.45196985608034,58.45196985608034,0.48157215231785655,0.48157215231785655,1,69332386
8.0,24.27547754775477,89.1866852761191,178.90939415572143,57.53200641694757,57.53200641694757,0.47399278802050737,0.47399278802050737,1,69332386
8.0,24.27547754775477,89.41171258328174,177.92003063328627,56.54264289451241,56.54264289451241,0.4658416526165683,0.4658416526165683,1,69332386
8.0,24.27547754775477,89.63673989044436,176.85963809354726,55.4822503547734,55.4822503547734,0.4571053256985663,0.4571053256985663,1,69332386
8.0,24.27547754775477,89.86176719760698,175.72663187587412,54.34924413710026,54.34924413710026,0.4477707516170119,0.4477707516170119,1,69332386
8.0,24.27547754775477,90.08679450476961,174.51934570815695,53.141957969383085,53.141957969383085,0.43782420234446146,0.43782420234446146,1,69332386
8.0,24.27547754775477,90.31182181193223,173.2345574376309,51.85716969885705,51.85716969885705,0.42723913131548913,0.42723913131548913,1,69332386
8.0,24.27547754775477,90.53684911909485,171.87148135382952,50.49409361505566,50.49409361505566,0.41600906524473985,0.41600906524473985,1,69332386
8.0,24.27547754775477,90.76187642625747,170.42759852709335,49.05021078831949,49.05021078831949,0.4041132512580056,0.4041132512580056,1,69332386
8.0,24.27547754775477,90.98690373342009,168.90127701075534,47.523889271981474,47.523889271981474,0.3915382441271639,0.3915382441271639,1,69332386
8.0,24.27547754775477,91.21193104058273,167.2905103929536,45.91312265417973,45.91312265417973,0.3782675134926539,0.3782675134926539,1,69332386
