c,p,vb,debt,debt_diff,abs_debt_diff,debt_per_diff,abs_debt_per_diff,count,time
5.0,4.25,78.66948066471721,213.63120060013026,171.13120060013026,171.13120060013026,4.026616484708947,4.026616484708947,1,73056893
5.0,4.25,79.11742532099812,212.81439400427686,170.31439400427686,170.31439400427686,4.007397505982985,4.007397505982985,1,73056893
5.0,4.25,79.56536997727903,211.93661701527313,169.43661701527313,169.43661701527313,3.9867439297711322,3.9867439297711322,1,73056893
5.0,4.25,80.01331463355994,210.9957557378226,168.4957557378226,168.4957557378226,3.964606017360532,3.964606017360532,1,73056893
5.0,4.25,80.46125928984085,209.9865809453123,167.4865809453123,167.4865809453123,3.9408607281249957,3.9408607281249957,1,73056893
5.0,4.25,80.90920394612176,208.9022458781465,166.4022458781465,166.4022458781465,3.915346961838741,3.915346961838741,1,73056893
5.0,4.25,81.35714860240267,207.73591701950437,165.23591701950437,165.23591701950437,3.887903929870691,3.887903929870691,1,73056893
5.0,4.25,81.8050932586836,206.48356623418178,163.98356623418178,163.98356623418178,3.858436852568983,3.858436852568983,1,73056893
5.0,4.25,82.25303791496451,205.1408042762252,162.6408042762252,162.6408042762252,3.82684245355824,3.82684245355824,1,73056893
5.0,4.25,82.70098257124542,203.70420545327335,161.20420545327335,161.20420545327335,3.793040128312314,3.793040128312314,1,73056893
5.0,4.25,83.14892722752633,202.1707302087102,159.6707302087102,159.6707302087102,3.756958357852005,3.756958357852005,1,73056893
5.0,4.25,83.59687188380724,200.53740300444574,158.03740300444574,158.03740300444574,3.7185271295163704,3.7185271295163704,1,73056893
5.0,4.25,84.04481654008815,198.80144142679595,156.30144142679595,156.30144142679595,3.67768097474814,3.67768097474814,1,73056893
5.0,4.25,84.49276119636906,196.96036728089769,154.46036728089769,154.46036728089769,3.6343615830799454,3.6343615830799454,1,73056893
5.0,4.25,84.94070585264997,195.01209113217394,152.51209113217394,152.51209113217394,3.588519791345269,3.588519791345269,1,73056893
5.0,4.25,85.38865050893088,192.95494609884537,150.45494609884537,150.45494609884537,3.5401163787963617,3.5401163787963617,1,73056893
5.0,4.25,85.83659516521179,190.78743293823413,148.28743293823413,148.28743293823413,3.4891160691349206,3.4891160691349206,1,73056893
5.0,4.25,86.2845398214927,188.5078562438371,146.0078562438371,146.0078562438371,3.4354789704432256,3.4354789704432256,1,73056893
5.0,4.25,86.73248447777361,186.1159990605322,143.6159990605322,143.6159990605322,3.3791999778948756,3.3791999778948756,1,73056893
5.0,4.25,87.18042913405452,183.61183366164133,141.11183366164133,141.11183366164133,3.320278439097443,3.320278439097443,1,73056893
5.0,4.25,87.62837379033543,180.9957651861016,138.4957651861016,138.4957651861016,3.2587238867318025,3.2587238867318025,1,73056893
5.0,4.25,88.07631844661634,178.26630350119953,135.76630350119953,135.76630350119953,3.1945012588517536,3.1945012588517536,1,73056893
5.0,4.25,88.52426310289727,175.42101484097262,132.92101484097262,132.92101484097262,3.1275532903758263,3.1275532903758263,1,73056893
5.0,4.25,88.97220775917818,172.45401718446408,129.95401718446408,129.95401718446408,3.0577415808109194,3.0577415808109194,1,73056893
5.0,4.25,89.42015241545909,169.36451787632896,126.86451787632896,126.86451787632896,2.9850474794430344,2.9850474794430344,1,73056893
5.0,4.25,89.86809707174,166.15081439893748,123.65081439893748,123.65081439893748,2.909430927033823,2.909430927033823,1,73056893
5.0,4.25,90.3160417280209,162.80710374888287,120.30710374888287,120.30710374888287,2.8307553823266556,2.8307553823266556,1,73056893
5.0,4.25,90.76398638430182,159.33276341284957,116.83276341284957,116.83276341284957,2.749006197949402,2.749006197949402,1,73056893
5.0,4.25,91.21193104058273,155.72632225659166,113.22632225659166,113.22632225659166,2.6641487589786275,2.6641487589786275,1,73056893
5.0,4.328947368421052,78.92824818881424,214.0262317120437,170.7367580278332,170.7367580278332,3.9440710061140805,3.9440710061140805,1,71843373
5.0,4.328947368421052,79.36695114780596,213.19948537133152,169.910011687121,169.910011687121,3.9249729143529475,3.9249729143529475,1,71843373
5.0,4.328947368421052,79.8056541067977,212.3159286335773,169.02645494936678,169.02645494936678,3.904562485152546,3.904562485152546,1,71843373
5.0,4.328947368421052,80.24435706578944,211.36667767085066,168.07720398664014,168.07720398664014,3.882634499387432,3.882634499387432,1,71843373
5.0,4.328947368421052,80.68306002478117,210.35017305303523,167.06069936882471,167.06069936882471,3.859152933747927,3.859152933747927,1,71843373
5.0,4.328947368421052,81.1217629837729,209.26054642928108,165.97107274507056,165.97107274507056,3.8339822275457034,3.8339822275457034,1,71843373
5.0,4.328947368421052,81.56046594276462,208.091562148143,164.80208846393248,164.80208846393248,3.8069783353370426,3.8069783353370426,1,71843373
5.0,4.328947368421052,81.99916890175635,206.8353836315996,163.54590994738908,163.54590994738908,3.7779602297877117,3.7779602297877117,1,71843373
5.0,4.328947368421052,82.43787186074809,205.4901519145253,162.2006782303148,162.2006782303148,3.7468849682382754,3.7468849682382754,1,71843373
5.0,4.328947368421052,82.87657481973983,204.05308413160103,160.7636104473905,160.7636104473905,3.7136882656540062,3.7136882656540062,1,71843373
5.0,4.328947368421052,83.31527777873156,202.52141442958387,159.23194074537335,159.23194074537335,3.678306229984309,3.678306229984309,1,71843373
5.0,4.328947368421052,83.75398073772328,200.89243457233232,157.6029608881218,157.6029608881218,3.640676300151142,3.640676300151142,1,71843373
5.0,4.328947368421052,84.19268369671502,199.16359959949733,155.8741259152868,155.8741259152868,3.6007396867968993,3.6007396867968993,1,71843373
5.0,4.328947368421052,84.63138665570675,197.33261975864403,154.0431460744335,154.0431460744335,3.558443495944361,3.558443495944361,1,71843373
5.0,4.328947368421052,85.07008961469847,195.39753252256963,152.1080588383591,152.1080588383591,3.5137423926186306,3.5137423926186306,1,71843373
5.0,4.328947368421052,85.50879257369022,193.35673085971695,150.06725717550643,150.06725717550643,3.4665992539022765,3.4665992539022765,1,71843373
5.0,4.328947368421052,85.94749553268194,191.20894090547728,147.91946722126676,147.91946722126676,3.416984653135646,3.416984653135646,1,71843373
5.0,4.328947368421052,86.38619849167367,188.95188237744227,145.66240869323175,145.66240869323175,3.3648459151020105,3.3648459151020105,1,71843373
5.0,4.328947368421052,86.82490145066541,186.58527029516642,143.2957966109559,143.2957966109559,3.310176456666459,3.310176456666459,1,71843373
5.0,4.328947368421052,87.26360440965715,184.10851489870916,140.81904121449864,140.81904121449864,3.2529626541951058,3.2529626541951058,1,71843373
5.0,4.328947368421052,87.70230736864887,181.5216640944698,138.23219041025928,138.23219041025928,3.1932056143403362,3.1932056143403362,1,71843373
5.0,4.328947368421052,88.1410103276406,178.8236522703707,135.53417858616018,135.53417858616018,3.130880721139263,3.130880721139263,1,71843373
5.0,4.328947368421052,88.57971328663234,176.01204943281408,132.72257574860356,132.72257574860356,3.065931841001177,3.065931841001177,1,71843373
5.0,4.328947368421052,89.01841624562407,173.0813742891368,129.79190060492627,129.79190060492627,2.998232354399513,2.998232354399513,1,71843373
5.0,4.328947368421052,89.4571192046158,170.03249889684767,126.74302521263715,126.74302521263715,2.9278024061277885,2.9278024061277885,1,71843373
5.0,4.328947368421052,89.89582216360753,166.8632756175648,123.57380193335428,123.57380193335428,2.8545923850866037,2.8545923850866037,1,71843373
5.0,4.328947368421052,90.33452512259926,163.5659787993823,120.27650511517177,120.27650511517177,2.77842382636871,2.77842382636871,1,71843373
5.0,4.328947368421052,90.77322808159099,160.1442908979105,116.85481721369999,116.85481721369999,2.699381795817994,2.699381795817994,1,71843373
5.0,4.328947368421052,91.21193104058273,156.59247277749523,113.30299909328471,113.30299909328471,2.6173337176564253,2.6173337176564253,1,71843373
5.0,4.407894736842105,79.1868131146318,214.40270118959143,170.32375382117038,170.32375382117038,3.8640612807190893,3.8640612807190893,1,68127668
5.0,4.407894736842105,79.61628161198719,213.56596497050538,169.48701760208434,169.48701760208434,3.845078608286092,3.845078608286092,1,68127668
5.0,4.407894736842105,80.04575010934258,212.67306269338414,168.59411532496307,168.59411532496307,3.824821720805132,3.824821720805132,1,68127668
5.0,4.407894736842105,80.47521860669798,211.71882663998093,167.6398792715599,167.6398792715599,3.80317338048912,3.80317338048912,1,68127668
5.0,4.407894736842105,80.90468710405337,210.69464819311008,166.61570082468904,166.61570082468904,3.7799382873660794,3.7799382873660794,1,68127668
5.0,4.407894736842105,81.33415560140875,209.5985240442395,165.51957667581843,165.51957667581843,3.7550709932424478,3.7550709932424478,1,68127668
5.0,4.407894736842105,81.76362409876414,208.42446784691745,164.34552047849638,164.34552047849638,3.7284356884673806,3.7284356884673806,1,68127668
5.0,4.407894736842105,82.19309259611953,207.16643533391823,163.0874879654972,163.0874879654972,3.699895249366503,3.699895249366503,1,68127668
5.0,4.407894736842105,82.62256109347493,205.81992253889894,161.7409751704779,161.7409751704779,3.6693474964048716,3.6693474964048716,1,68127668
5.0,4.407894736842105,83.05202959083032,204.3826157493312,160.30366838091015,160.30366838091015,3.6367399393878124,3.6367399393878124,1,68127668
5.0,4.407894736842105,83.4814980881857,202.85301758160094,158.77407021317987,158.77407021317987,3.602038607821394,3.602038607821394,1,68127668
5.0,4.407894736842105,83.9109665855411,201.22865988572508,157.149712517304,157.149712517304,3.565187507855255,3.565187507855255,1,68127668
5.0,4.407894736842105,84.34043508289649,199.5072129294543,155.42826556103324,155.42826556103324,3.5261337858622466,3.5261337858622466,1,68127668
5.0,4.407894736842105,84.76990358025188,197.68656047443102,153.60761310600998,153.60761310600998,3.4848294316587336,3.4848294316587336,1,68127668
5.0,4.407894736842105,85.19937207760726,195.76486078945493,151.6859134210339,151.6859134210339,3.441232662686142,3.441232662686142,1,68127668
5.0,4.407894736842105,85.62884057496265,193.74057009380834,149.6616227253873,149.6616227253873,3.395308455859533,3.395308455859533,1,68127668
5.0,4.407894736842105,86.05830907231804,191.61242212396272,147.53347475554165,147.53347475554165,3.347028084006318,3.347028084006318,1,68127668
5.0,4.407894736842105,86.48777756967343,189.37852820812725,145.2995808397062,145.2995808397062,3.296348699647066,3.296348699647066,1,68127668
5.0,4.407894736842105,86.91724606702883,187.03734981373452,142.95840244531348,142.95840244531348,3.2432353987593503,3.2432353987593503,1,68127668
5.0,4.407894736842105,87.34671456438421,184.58873691874962,140.50978955032855,140.50978955032855,3.1876847778581996,3.1876847778581996,1,68127668
5.0,4.407894736842105,87.7761830617396,182.03200044557673,137.9530530771557,137.9530530771557,3.1296812041384574,3.1296812041384574,1,68127668
5.0,4.407894736842105,88.205651559095,179.36634632674583,135.2873989583248,135.2873989583248,3.0692066629351293,3.0692066629351293,1,68127668
5.0,4.407894736842105,88.63512005645039,176.5887502799899,132.50980291156884,132.50980291156884,3.0061925436654424,3.0061925436654424,1,68127668
5.0,4.407894736842105,89.06458855380578,173.69595991138027,129.61701254295923,129.61701254295923,2.94056506067609,2.94056506067609,1,68127668
5.0,4.407894736842105,89.49405705116116,170.68845175676668,126.60950438834563,126.60950438834563,2.8723350249296318,2.8723350249296318,1,68127668
5.0,4.407894736842105,89.92352554851655,167.56273788614624,123.48379051772518,123.48379051772518,2.801423307267795,2.801423307267795,1,68127668
5.0,4.407894736842105,90.35299404587195,164.31423937151553,120.23529200309447,120.23529200309447,2.7277260275328894,2.7277260275328894,1,68127668
5.0,4.407894736842105,90.78246254322734,160.9457193580608,116.86677198963976,116.86677198963976,2.6513058720037677,2.6513058720037677,1,68127668
5.0,4.407894736842105,91.21193104058273,157.44910802267233,113.37016065425128,113.37016065425128,2.571979764096447,2.571979764096447,1,68127668
5.0,4.4868421052631575,79.44524662371725,214.75636175538884,169.88794070275725,169.88794070275725,3.7863587957212763,3.7863587957212763,1,71353057
5.0,4.4868421052631575,79.86548535289103,213.9135438507343,169.04512279810274,169.04512279810274,3.7675745843565425,3.7675745843565425,1,71353057
5.0,4.4868421052631575,80.28572408206479,213.01084425222496,168.1424231995934,168.1424231995934,3.747455766325249,3.747455766325249,1,71353057
5.0,4.4868421052631575,80.70596281123855,212.04784661138464,167.17942555875305,167.17942555875305,3.72599306230652,3.72599306230652,1,71353057
5.0,4.4868421052631575,81.12620154041232,211.0192249591328,166.1508039065012,166.1508039065012,3.7030677703501738,3.7030677703501738,1,71353057
5.0,4.4868421052631575,81.5464402695861,209.91667538838806,165.0482543357565,165.0482543357565,3.678494818040321,3.678494818040321,1,71353057
5.0,4.4868421052631575,81.96667899875986,208.7370194925784,163.86859843994682,163.86859843994682,3.6522033669900176,3.6522033669900176,1,71353057
5.0,4.4868421052631575,82.38691772793362,207.47507088070077,162.60664982806918,162.60664982806918,3.6240778260801347,3.6240778260801347,1,71353057
5.0,4.4868421052631575,82.80715645710738,206.12745987249906,161.2590388198675,161.2590388198675,3.594043093932531,3.594043093932531,1,71353057
5.0,4.4868421052631575,83.22739518628114,204.6919836361331,159.82356258350154,159.82356258350154,3.5620500751748145,3.5620500751748145,1,71353057
5.0,4.4868421052631575,83.64763391545492,203.16535432181527,158.29693326918368,158.29693326918368,3.5280254922164107,3.5280254922164107,1,71353057
5.0,4.4868421052631575,84.0678726446287,201.54588398759813,156.67746293496657,156.67746293496657,3.491931725236792,3.491931725236792,1,71353057
5.0,4.4868421052631575,84.48811137380245,199.83208582219743,154.96366476956587,154.96366476956587,3.4537356370929637,3.4537356370929637,1,71353057
5.0,4.4868421052631575,84.90835010297621,198.02200385840052,153.15358280576896,153.15358280576896,3.4133936343807747,3.4133936343807747,1,71353057
5.0,4.4868421052631575,85.32858883214999,196.11391169965222,151.24549064702063,151.24549064702063,3.370867240226853,3.370867240226853,1,71353057
5.0,4.4868421052631575,85.74882756132376,194.10633177432163,149.23791072169007,149.23791072169007,3.3261235234159665,3.3261235234159665,1,71353057
5.0,4.4868421052631575,86.16906629049753,191.99801666422385,147.12959561159226,147.12959561159226,3.2791346822524967,3.2791346822524967,1,71353057
5.0,4.4868421052631575,86.58930501967129,189.78775146489994,144.91933041226838,144.91933041226838,3.2298736396869203,3.2298736396869203,1,71353057
5.0,4.4868421052631575,87.00954374884506,187.47223213968374,142.60381108705218,142.60381108705218,3.178266757365386,3.178266757365386,1,71353057
5.0,4.4868421052631575,87.42978247801884,185.0522737786101,140.1838527259785,140.1838527259785,3.1243322015174098,3.1243322015174098,1,71353057
5.0,4.4868421052631575,87.8500212071926,182.52654563503265,137.65812458240106,137.65812458240106,3.068040313273455,3.068040313273455,1,71353057
5.0,4.4868421052631575,88.27025993636636,179.89416482881933,135.02574377618777,135.02574377618777,3.009371415539669,3.009371415539669,1,71353057
5.0,4.4868421052631575,88.69049866554012,177.1516722410547,132.28325118842315,132.28325118842315,2.9482484135836247,2.9482484135836247,1,71353057
5.0,4.4868421052631575,89.11073739471388,174.2976167409976,129.429195688366,129.429195688366,2.8846389654885094,2.8846389654885094,1,71353057
5.0,4.4868421052631575,89.53097612388765,171.3322702081991,126.46384915556753,126.46384915556753,2.8185491307399215,2.8185491307399215,1,71353057
5.0,4.4868421052631575,89.95121485306143,168.2508003387435,123.38237928611191,123.38237928611191,2.7498712098957494,2.7498712098957494,1,71353057
5.0,4.4868421052631575,90.37145358223519,165.05190691429388,120.1834858616623,120.1834858616623,2.6785762244827964,2.6785762244827964,1,71353057
5.0,4.4868421052631575,90.79169231140895,161.7356510246835,116.86722997205193,116.86722997205193,2.6046655360340023,2.6046655360340023,1,71353057
5.0,4.4868421052631575,91.21193104058273,158.2963916337511,113.42797058111954,113.42797058111954,2.5280134205762717,2.5280134205762717,1,71353057
5.0,4.565789473684211,79.70486835536661,215.08818624325357,169.43029150641146,169.43029150641146,3.7108651742038243,3.7108651742038243,1,67949666
5.0,4.565789473684211,80.11583487983862,214.2346479419928,168.57675320515068,168.57675320515068,3.6921709635710234,3.6921709635710234,1,67949666
5.0,4.565789473684211,80.52680140431062,213.3262106112194,167.6683158743773,167.6683158743773,3.6722743534445743,3.6722743534445743,1,67949666
5.0,4.565789473684211,80.93776792878262,212.35413517749876,166.69624044065665,166.69624044065665,3.650983940487004,3.650983940487004,1,67949666
5.0,4.565789473684211,81.34873445325464,211.3172016540038,165.6593069171617,165.6593069171617,3.6282730045257314,3.6282730045257314,1,67949666
5.0,4.565789473684211,81.75970097772664,210.210241599474,164.55234686263188,164.55234686263188,3.6040283462708995,3.6040283462708995,1,67949666
5.0,4.565789473684211,82.17066750219864,209.02623046172013,163.36833572487802,163.36833572487802,3.5780961138589995,3.5780961138589995,1,67949666
5.0,4.565789473684211,82.58163402667064,207.76033487853508,162.10244014169297,162.10244014169297,3.550370446907396,3.550370446907396,1,67949666
5.0,4.565789473684211,82.99260055114264,206.41087993484743,160.75298519800532,160.75298519800532,3.5208146613972344,3.5208146613972344,1,67949666
5.0,4.565789473684211,83.40356707561465,204.97579201360648,159.31789727676437,159.31789727676437,3.4893833409320147,3.4893833409320147,1,67949666
5.0,4.565789473684211,83.81453360008665,203.45304064185413,157.79514590501202,157.79514590501202,3.4560320140578997,3.4560320140578997,1,67949666
5.0,4.565789473684211,84.22550012455866,201.84063192804985,156.18273719120774,156.18273719120774,3.4207170105278926,3.4207170105278926,1,67949666
5.0,4.565789473684211,84.63646664903067,200.1350110023635,154.4771162655214,154.4771162655214,3.383360471521506,3.383360471521506,1,67949666
5.0,4.565789473684211,85.04743317350267,198.33578369483382,152.6778889579917,152.6778889579917,3.343953763921432,3.343953763921432,1,67949666
5.0,4.565789473684211,85.45839969797467,196.44158895691677,150.78369422007466,150.78369422007466,3.302467078018926,3.302467078018926,1,67949666
5.0,4.565789473684211,85.86936622244667,194.45101863234123,148.79312389549912,148.79312389549912,3.258869572350989,3.258869572350989,1,67949666
5.0,4.565789473684211,86.28033274691867,192.36285457637936,146.70495983953725,146.70495983953725,3.213134567090729,3.213134567090729,1,67949666
5.0,4.565789473684211,86.69129927139068,190.1760047525923,144.51811001575018,144.51811001575018,3.1652381444371795,3.1652381444371795,1,67949666
5.0,4.565789473684211,87.10226579586269,187.88740463045775,142.22950989361564,142.22950989361564,3.1151131849898523,3.1151131849898523,1,67949666
5.0,4.565789473684211,87.5132323203347,185.4966096625204,139.8387149256783,139.8387149256783,3.062749952262694,3.062749952262694,1,67949666
5.0,4.565789473684211,87.9241988448067,183.00288991214376,137.34499517530165,137.34499517530165,3.0081324591708714,3.0081324591708714,1,67949666
5.0,4.565789473684211,88.3351653692787,180.40489419279592,134.7469994559538,134.7469994559538,2.951231112003599,2.951231112003599,1,67949666
5.0,4.565789473684211,88.7461318937507,177.69885317714392,132.0409584403018,132.0409584403018,2.8919633548884542,2.8919633548884542,1,67949666
5.0,4.565789473684211,89.1570984182227,174.8846516222128,129.2267568853707,129.2267568853707,2.830326663771807,2.830326663771807,1,67949666
5.0,4.565789473684211,89.5680649426947,171.96256681337732,126.30467207653521,126.30467207653521,2.7663271117627306,2.7663271117627306,1,67949666
5.0,4.565789473684211,89.97903146716672,168.92657729772316,123.26868256088105,123.26868256088105,2.699832816895377,2.699832816895377,1,67949666
5.0,4.565789473684211,90.38999799163872,165.77831267372653,120.12041793688442,120.12041793688442,2.630879470663751,2.630879470663751,1,67949666
5.0,4.565789473684211,90.80096451611072,162.51486985615225,116.85697511931014,116.85697511931014,2.5594034896448328,2.5594034896448328,1,67949666
5.0,4.565789473684211,91.21193104058273,159.1344868934476,113.47659215660548,113.47659215660548,2.4853662835452495,2.4853662835452495,1,67949666
5.0,4.644736842105263,79.9628351076179,215.40132675562245,168.95395833456982,168.95395833456982,3.6375356468632596,3.6375356468632596,1,69580669
5.0,4.644736842105263,80.36458853379523,214.53906095887206,168.09169253781943,168.09169253781943,3.6189712841003616,3.6189712841003616,1,69580669
5.0,4.644736842105263,80.76634195997254,213.6203064801286,167.17293805907596,167.17293805907596,3.5991907344163665,3.5991907344163665,1,69580669
5.0,4.644736842105263,81.16809538614984,212.64264242020977,166.19527399915714,166.19527399915714,3.5781418764691058,3.5781418764691058,1,69580669
5.0,4.644736842105263,81.56984881232717,211.5983240912745,165.15095567022186,165.15095567022186,3.555657969103927,3.555657969103927,1,69580669
5.0,4.644736842105263,81.97160223850449,210.4839871185539,164.03661869750127,164.03661869750127,3.5316665781898293,3.5316665781898293,1,69580669
5.0,4.644736842105263,82.3733556646818,209.29556907109443,162.8482006500418,162.8482006500418,3.50608024062413,3.50608024062413,1,69580669
5.0,4.644736842105263,82.7751090908591,208.02872914865785,161.58136072760522,161.58136072760522,3.4788055000844182,3.4788055000844182,1,69580669
5.0,4.644736842105263,83.17686251703643,206.6778830004439,160.23051457939127,160.23051457939127,3.4497221269217384,3.4497221269217384,1,69580669
5.0,4.644736842105263,83.57861594321375,205.24343474247655,158.79606632142392,158.79606632142392,3.4188388216510535,3.4188388216510535,1,69580669
5.0,4.644736842105263,83.98036936939106,203.72377238922581,157.27640396817318,157.27640396817318,3.38612087863489,3.38612087863489,1,69580669
5.0,4.644736842105263,84.38212279556836,202.117077093296,155.66970867224336,155.66970867224336,3.3515291385525483,3.3515291385525483,1,69580669
5.0,4.644736842105263,84.78387622174569,200.4216041025417,153.97423568148906,153.97423568148906,3.3150260373351754,3.3150260373351754,1,69580669
5.0,4.644736842105263,85.18562964792301,198.63470660128095,152.18733818022832,152.18733818022832,3.276554589715964,3.276554589715964,1,69580669
5.0,4.644736842105263,85.58738307410032,196.75461016859632,150.30724174754369,150.30724174754369,3.236076592864963,3.236076592864963,1,69580669
5.0,4.644736842105263,85.98913650027762,194.78122276165402,148.3338543406014,148.3338543406014,3.1935900651234297,3.1935900651234297,1,69580669
5.0,4.644736842105263,86.39088992645495,192.71336329647994,146.2659948754273,146.2659948754273,3.149069578054526,3.149069578054526,1,69580669
5.0,4.644736842105263,86.79264335263227,190.54995038087347,144.10258195982084,144.10258195982084,3.102491849559882,3.102491849559882,1,69580669
5.0,4.644736842105263,87.19439677880958,188.28877105296544,141.8414026319128,141.8414026319128,3.053809235134667,3.053809235134667,1,69580669
5.0,4.644736842105263,87.59615020498688,185.92732292184766,139.47995450079503,139.47995450079503,3.0029678589406297,3.0029678589406297,1,69580669
5.0,4.644736842105263,87.9979036311642,183.46601698582074,137.0186485647681,137.0186485647681,2.9499765696663958,2.9499765696663958,1,69580669
5.0,4.644736842105263,88.39965705734153,180.9030766136667,134.45570819261408,134.45570819261408,2.8947971168948077,2.8947971168948077,1,69580669
5.0,4.644736842105263,88.80141048351884,178.23431734349975,131.78694892244712,131.78694892244712,2.8373394102283234,2.8373394102283234,1,69580669
5.0,4.644736842105263,89.20316390969614,175.4605721212715,129.01320370021887,129.01320370021887,2.777621382780916,2.777621382780916,1,69580669
5.0,4.644736842105263,89.60491733587347,172.58228752334287,126.13491910229024,126.13491910229024,2.7156526492277786,2.7156526492277786,1,69580669
5.0,4.644736842105263,90.00667076205079,169.59238505252503,123.1450166314724,123.1450166314724,2.651280811329151,2.651280811329151,1,69580669
5.0,4.644736842105263,90.4084241882281,166.49511484830276,120.04774642725013,120.04774642725013,2.5845973735045353,2.5845973735045353,1,69580669
5.0,4.644736842105263,90.8101776144054,163.28489302687947,116.83752460582684,116.83752460582684,2.5154821161594447,2.5154821161594447,1,69580669
5.0,4.644736842105263,91.21193104058273,159.96355672559363,113.516188304541,113.516188304541,2.4439745923923843,2.4439745923923843,1,69580669
5.0,4.723684210526316,80.22215288661017,215.68837710944464,168.4515350041815,168.4515350041815,3.5661049193085774,3.5661049193085774,1,70067862
5.0,4.723684210526316,80.61464496353776,214.81729974943195,167.5804576441688,167.5804576441688,3.547664284389089,3.547664284389089,1,70067862
5.0,4.723684210526316,81.00713704046535,213.8909466672402,166.65410456197705,166.65410456197705,3.5280534670502104,3.5280534670502104,1,70067862
5.0,4.723684210526316,81.39962911739295,212.90343732035794,165.6665952150948,165.6665952150948,3.5071479766983855,3.5071479766983855,1,70067862
5.0,4.723684210526316,81.79212119432054,211.85306087250828,164.61621876724513,164.61621876724513,3.484911595072599,3.484911595072599,1,70067862
5.0,4.723684210526316,82.18461327124814,210.73359150482128,163.49674939955813,163.49674939955813,3.4612125221076373,3.4612125221076373,1,70067862
5.0,4.723684210526316,82.57710534817572,209.53930836310886,162.3024662578457,162.3024662578457,3.435929647798405,3.435929647798405,1,70067862
5.0,4.723684210526316,82.9695974251033,208.26885503758064,161.03201293231749,161.03201293231749,3.409034257062989,3.409034257062989,1,70067862
5.0,4.723684210526316,83.3620895020309,206.91910958561797,159.68226748035482,159.68226748035482,3.3804602586370383,3.3804602586370383,1,70067862
5.0,4.723684210526316,83.7545815789585,205.48752165007343,158.25067954481028,158.25067954481028,3.3501536616728638,3.3501536616728638,1,70067862
5.0,4.723684210526316,84.14707365588609,203.9711718659433,156.73432976068014,156.73432976068014,3.3180526634572955,3.3180526634572955,1,70067862
5.0,4.723684210526316,84.53956573281368,202.3704608635832,155.13361875832004,155.13361875832004,3.284165745301483,3.284165745301483,1,70067862
5.0,4.723684210526316,84.93205780974127,200.6837918037207,153.44694969845756,153.44694969845756,3.248459102251469,3.248459102251469,1,70067862
5.0,4.723684210526316,85.32454988666885,198.90967274741502,151.67283064215187,151.67283064215187,3.210901150084552,3.210901150084552,1,70067862
5.0,4.723684210526316,85.71704196359644,197.04589472142686,149.8090526161637,149.8090526161637,3.17144512502185,3.17144512502185,1,70067862
5.0,4.723684210526316,86.10953404052404,195.0900545866808,147.85321248141764,147.85321248141764,3.1300401528099555,3.1300401528099555,1,70067862
5.0,4.723684210526316,86.50202611745163,193.04289771904502,145.80605561378187,145.80605561378187,3.086702012993711,3.086702012993711,1,70067862
5.0,4.723684210526316,86.89451819437923,190.90336616695606,143.6665240616929,143.6665240616929,3.041408308826925,3.041408308826925,1,70067862
5.0,4.723684210526316,87.28701027130681,188.67039333090383,141.43355122564068,141.43355122564068,2.994136460487101,2.994136460487101,1,70067862
5.0,4.723684210526316,87.67950234823441,186.33885912280698,139.10201701754383,139.10201701754383,2.944778076137418,2.944778076137418,1,70067862
5.0,4.723684210526316,88.071994425162,183.91062067338243,136.67377856811927,136.67377856811927,2.8933724710799624,2.8933724710799624,1,70067862
5.0,4.723684210526316,88.46448650208958,181.38380826335057,134.14696615808742,134.14696615808742,2.8398800635138284,2.8398800635138284,1,70067862
5.0,4.723684210526316,88.85697857901718,178.75371820529963,131.51687610003648,131.51687610003648,2.7842012767695747,2.7842012767695747,1,70067862
5.0,4.723684210526316,89.24947065594478,176.0216121824279,128.78477007716475,128.78477007716475,2.7263628205750754,2.7263628205750754,1,70067862
5.0,4.723684210526316,89.64196273287236,173.1877597858114,125.95091768054826,125.95091768054826,2.6663704021508825,2.6663704021508825,1,70067862
5.0,4.723684210526316,90.03445480979995,170.24584288634284,123.00900078107969,123.00900078107969,2.6040902672317707,2.6040902672317707,1,70067862
5.0,4.723684210526316,90.42694688672755,167.2007128510667,119.96387074580355,119.96387074580355,2.5396251188526655,2.5396251188526655,1,70067862
5.0,4.723684210526316,90.81943896365513,164.0449724955001,116.80813039023695,116.80813039023695,2.4728183592362143,2.4728183592362143,1,70067862
5.0,4.723684210526316,91.21193104058273,160.7837636951199,113.54692158985674,113.54692158985674,2.4037788414565773,2.4037788414565773,1,70067862
5.0,4.802631578947368,80.48119535232499,215.9536398084844,167.9273240190107,167.9273240190107,3.496568938478031,3.496568938478031,1,67536238
5.0,4.802631578947368,80.86443591261991,215.07272193878106,167.04640614930736,167.04640614930736,3.4782265389992766,3.4782265389992766,1,67536238
5.0,4.802631578947368,81.24767647291483,214.136995728779,166.11067993930533,166.11067993930533,3.4587429247636177,3.4587429247636177,1,67536238
5.0,4.802631578947368,81.63091703320976,213.14382490124416,165.11750911177046,165.11750911177046,3.4380632034231655,3.4380632034231655,1,67536238
5.0,4.802631578947368,82.01415759350466,212.08437559741776,164.05805980794406,164.05805980794406,3.4160034370969172,3.4160034370969172,1,67536238
5.0,4.802631578947368,82.39739815379959,210.95847161342002,162.93215582394635,162.93215582394635,3.3925599568821703,3.3925599568821703,1,67536238
5.0,4.802631578947368,82.78063871409451,209.76202197692376,161.7357061874501,161.7357061874501,3.3676475808893716,3.3676475808893716,1,67536238
5.0,4.802631578947368,83.16387927438942,208.48872843670023,160.46241264722653,160.46241264722653,3.3411351674491003,3.3411351674491003,1,67536238
5.0,4.802631578947368,83.54711983468434,207.13786172150978,159.1115459320361,159.1115459320361,3.3130075317355465,3.3130075317355465,1,67536238
5.0,4.802631578947368,83.93036039497926,205.70827236470188,157.68195657522818,157.68195657522818,3.283240739648587,3.283240739648587,1,67536238
5.0,4.802631578947368,84.31360095527418,204.19847448698036,156.1721586975067,156.1721586975067,3.251803852331646,3.251803852331646,1,67536238
5.0,4.802631578947368,84.6968415155691,202.60484976381616,154.57853397434246,154.57853397434246,3.2186215293287743,3.2186215293287743,1,67536238
5.0,4.802631578947368,85.08008207586401,200.9272769217968,152.90096113232312,152.90096113232312,3.183691245494947,3.183691245494947,1,67536238
5.0,4.802631578947368,85.46332263615894,199.16520877878736,151.13889298931366,151.13889298931366,3.147001607448723,3.147001607448723,1,67536238
5.0,4.802631578947368,85.84656319645386,197.3173852151247,149.29106942565102,149.29106942565102,3.1085263770820486,3.1085263770820486,1,67536238
5.0,4.802631578947368,86.22980375674878,195.3813727063757,147.35505691690202,147.35505691690202,3.0682148837491927,3.0682148837491927,1,67536238
5.0,4.802631578947368,86.6130443170437,193.35522980114888,145.32891401167518,145.32891401167518,3.026026702708853,3.026026702708853,1,67536238
5.0,4.802631578947368,86.99628487733861,191.23991383253724,143.21359804306354,143.21359804306354,2.981981767472008,2.981981767472008,1,67536238
5.0,4.802631578947368,87.37952543763353,189.0343852980467,141.008069508573,141.008069508573,2.9360584336031637,2.9360584336031637,1,67536238
5.0,4.802631578947368,87.76276599792845,186.73453180181315,138.70821601233945,138.70821601233945,2.8881710731336434,2.8881710731336434,1,67536238
5.0,4.802631578947368,88.14600655822338,184.33978911999483,136.31347333052116,136.31347333052116,2.8383079378409883,2.8383079378409883,1,67536238
5.0,4.802631578947368,88.5292471185183,181.84974316045805,133.82342737098435,133.82342737098435,2.7864604055328246,2.7864604055328246,1,67536238
5.0,4.802631578947368,88.9124876788132,179.25940484408383,131.23308905461016,131.23308905461016,2.7325245940138005,2.7325245940138005,1,67536238
5.0,4.802631578947368,89.29572823910813,176.56982173639742,128.54350594692374,128.54350594692374,2.6765223156071793,2.6765223156071793,1,67536238
5.0,4.802631578947368,89.67896879940305,173.78111535786843,125.75479956839474,125.75479956839474,2.618456100602192,2.618456100602192,1,67536238
5.0,4.802631578947368,90.06220935969796,170.88832127656354,122.86200548708986,122.86200548708986,2.558222580005159,2.558222580005159,1,67536238
5.0,4.802631578947368,90.44544991999288,167.8957479700944,119.8694321806207,119.8694321806207,2.4959114645827873,2.4959114645827873,1,67536238
5.0,4.802631578947368,90.8286904802878,164.79570147160197,116.76938568212829,116.76938568212829,2.4313625511895203,2.4313625511895203,1,67536238
5.0,4.802631578947368,91.21193104058273,161.59370462491648,113.5673888354428,113.5673888354428,2.3646908360256584,2.3646908360256584,1,67536238
5.0,4.881578947368421,80.74004459609296,216.1938238887248,167.3780344150406,167.3780344150406,3.428768359984659,3.428768359984659,1,69516371
5.0,4.881578947368421,81.11404054053902,215.30423981035676,166.48845033667254,166.48845033667254,3.4105450742822407,3.4105450742822407,1,69516371
5.0,4.881578947368421,81.48803648498509,214.36062420749496,165.54483473381075,165.54483473381075,3.3912149433341283,3.3912149433341283,1,69516371
5.0,4.881578947368421,81.86203242943114,213.35724956113626,164.54146008745204,164.54146008745204,3.3706606379100688,3.3706606379100688,1,69516371
5.0,4.881578947368421,82.2360283738772,212.29298747339732,163.4771979997131,163.4771979997131,3.3488590425817235,3.3488590425817235,1,69516371
5.0,4.881578947368421,82.61002431832327,211.1612726276087,162.34548315392448,162.34548315392448,3.3256756656868625,3.3256756656868625,1,69516371
5.0,4.881578947368421,82.98402026276933,209.95928394811048,161.14349447442626,161.14349447442626,3.301052716996333,3.301052716996333,1,69516371
5.0,4.881578947368421,83.3580162072154,208.6855225908369,159.8697331171527,159.8697331171527,3.2749594924268473,3.2749594924268473,1,69516371
5.0,4.881578947368421,83.73201215166146,207.33637236123295,158.52058288754873,158.52058288754873,3.247321913599381,3.247321913599381,1,69516371
5.0,4.881578947368421,84.10600809610753,205.90831156546128,157.09252209177706,157.09252209177706,3.2180678379986674,3.2180678379986674,1,69516371
5.0,4.881578947368421,84.4800040405536,204.4026585388835,155.58686906519927,155.58686906519927,3.1872242719555643,3.1872242719555643,1,69516371
5.0,4.881578947368421,84.85399998499966,202.81807689049415,154.00228741680993,154.00228741680993,3.154763839266187,3.154763839266187,1,69516371
5.0,4.881578947368421,85.22799592944571,201.15191929280292,152.3361298191187,152.3361298191187,3.1206323089630783,3.1206323089630783,1,69516371
5.0,4.881578947368421,85.60199187389178,199.40221686960214,150.58642739591792,150.58642739591792,3.084789348272173,3.084789348272173,1,69516371
5.0,4.881578947368421,85.97598781833784,197.5698206160066,148.7540311423224,148.7540311423224,3.0472523899774937,3.0472523899774937,1,69516371
5.0,4.881578947368421,86.3499837627839,195.65366380661615,146.83787433293193,146.83787433293193,3.0079995820223253,3.0079995820223253,1,69516371
5.0,4.881578947368421,86.72397970722997,193.65031476946007,144.83452529577585,144.83452529577585,2.9669606260051116,2.9669606260051116,1,69516371
5.0,4.881578947368421,87.09797565167602,191.55958450111405,142.74379502742983,142.74379502742983,2.924131650157592,2.924131650157592,1,69516371
5.0,4.881578947368421,87.47197159612209,189.38190846880158,140.56611899511736,140.56611899511736,2.8795215751021344,2.8795215751021344,1,69516371
5.0,4.881578947368421,87.84596754056815,187.11439105486932,138.2986015811851,138.2986015811851,2.833071083603792,2.833071083603792,1,69516371
5.0,4.881578947368421,88.21996348501422,184.753601816672,135.93781234298777,135.93781234298777,2.784709902443954,2.784709902443954,1,69516371
5.0,4.881578947368421,88.59395942946028,182.3008540546374,133.48506458095318,133.48506458095318,2.734464934811979,2.734464934811979,1,69516371
5.0,4.881578947368421,88.96795537390635,179.75129440577865,130.93550493209443,130.93550493209443,2.6822367587167593,2.6822367587167593,1,69516371
5.0,4.881578947368421,89.34195131835241,177.10513743611082,128.2893479624266,128.2893479624266,2.6280297695807064,2.6280297695807064,1,69516371
5.0,4.881578947368421,89.71594726279848,174.36263672409683,125.54684725041261,125.54684725041261,2.5718491620030615,2.5718491620030615,1,69516371
5.0,4.881578947368421,90.08994320724454,171.51982532872955,122.70403585504533,122.70403585504533,2.5136136725022764,2.5136136725022764,1,69516371
5.0,4.881578947368421,90.4639391516906,168.57982955354,119.76404007985579,119.76404007985579,2.453387343953919,2.453387343953919,1,69516371
5.0,4.881578947368421,90.83793509613666,165.53718357227982,116.7213940985956,116.7213940985956,2.391058207949667,2.391058207949667,1,69516371
5.0,4.881578947368421,91.21193104058273,162.3949719224671,113.57918244878289,113.57918244878289,2.326689451780997,2.326689451780997,1,69516371
5.0,4.9605263157894735,80.99870061145008,216.40996700540842,166.80470384751368,166.80470384751368,3.3626412446713636,3.3626412446713636,1,69990474
5.0,4.9605263157894735,81.36345884106196,215.5113550070599,165.90609184916516,165.90609184916516,3.3445259895322423,3.3445259895322423,1,69990474
5.0,4.9605263157894735,81.72821707067384,214.5580259401832,164.95276278228846,164.95276278228846,3.325307684735789,3.325307684735789,1,69990474
5.0,4.9605263157894735,82.09297530028572,213.54905778522567,163.94379462733093,163.94379462733093,3.304967743150438,3.304967743150438,1,69990474
5.0,4.9605263157894735,82.4577335298976,212.47593887249204,162.8706757145973,162.8706757145973,3.2833345767398927,3.2833345767398927,1,69990474
5.0,4.9605263157894735,82.82249175950948,211.33930675367097,161.73404359577623,161.73404359577623,3.2604210380050382,3.2604210380050382,1,69990474
5.0,4.9605263157894735,83.18724998912136,210.13571951911956,160.53045636122482,160.53045636122482,3.236157740968989,3.236157740968989,1,69990474
5.0,4.9605263157894735,83.55200821873323,208.85887654411675,159.253613386222,159.253613386222,3.210417670385378,3.210417670385378,1,69990474
5.0,4.9605263157894735,83.91676644834511,207.5100889062166,157.90482574832185,157.90482574832185,3.183227256464844,3.183227256464844,1,69990474
5.0,4.9605263157894735,84.281524677957,206.08755942802085,156.4822962701261,156.4822962701261,3.154550269636495,3.154550269636495,1,69990474
5.0,4.9605263157894735,84.64628290756887,204.58714506512908,154.98188190723434,154.98188190723434,3.12430318964186,3.12430318964186,1,69990474
5.0,4.9605263157894735,85.01104113718075,203.0097532766054,153.40449011871067,153.40449011871067,3.092504310085414,3.092504310085414,1,69990474
5.0,4.9605263157894735,85.37579936679263,201.35503300590975,151.749769848015,151.749769848015,3.0591465539652893,3.0591465539652893,1,69990474
5.0,4.9605263157894735,85.74055759640453,199.62078623977746,150.01552308188272,150.01552308188272,3.024185611199758,3.024185611199758,1,69990474
5.0,4.9605263157894735,86.10531582601641,197.80416036525497,148.19889720736023,148.19889720736023,2.9875639755329915,2.9875639755329915,1,69990474
5.0,4.9605263157894735,86.47007405562829,195.90692387834204,146.3016607204473,146.3016607204473,2.949317298343235,2.949317298343235,1,69990474
5.0,4.9605263157894735,86.83483228524017,193.92815476397502,144.32289160608028,144.32289160608028,2.9094269925894167,2.9094269925894167,1,69990474
5.0,4.9605263157894735,87.19959051485205,191.8625551547698,142.25729199687507,142.25729199687507,2.8677862577619377,2.8677862577619377,1,69990474
5.0,4.9605263157894735,87.56434874446393,189.71316585454758,140.10790269665284,140.10790269665284,2.824456393884779,2.824456393884779,1,69990474
5.0,4.9605263157894735,87.92910697407581,187.47864500234303,137.8733818444483,137.8733818444483,2.7794103501798597,2.7794103501798597,1,69990474
5.0,4.9605263157894735,88.29386520368769,185.15228413758922,135.54702097969448,135.54702097969448,2.7325128897763347,2.7325128897763347,1,69990474
5.0,4.9605263157894735,88.65862343329957,182.7373689894305,133.13210583153577,133.13210583153577,2.683830250184806,2.683830250184806,1,69990474
5.0,4.9605263157894735,89.02338166291145,180.22945156013367,130.62418840223893,130.62418840223893,2.6332727635464614,2.6332727635464614,1,69990474
5.0,4.9605263157894735,89.38813989252333,177.62761839478446,128.02235523688972,128.02235523688972,2.5808220153855754,2.5808220153855754,1,69990474
5.0,4.9605263157894735,89.7528981221352,174.93239039076795,125.32712723287321,125.32712723287321,2.5264885065512903,2.5264885065512903,1,69990474
5.0,4.9605263157894735,90.11765635174709,172.1404378994118,122.53517474151707,122.53517474151707,2.470205114152599,2.470205114152599,1,69990474
5.0,4.9605263157894735,90.48241458135897,169.25400274464505,119.64873958675031,119.64873958675031,2.4120170314570357,2.4120170314570357,1,69990474
5.0,4.9605263157894735,90.84717281097085,166.26954937371303,116.6642862158183,116.6642862158183,2.3518529847220666,2.3518529847220666,1,69990474
5.0,4.9605263157894735,91.21193104058273,163.18798243264504,113.5827192747503,113.5827192747503,2.289731210843773,2.289731210843773,1,69990474
5.0,5.0394736842105265,81.25716339193242,216.60072636718627,166.205989525081,166.205989525081,3.2980822986700145,3.2980822986700145,1,67352310
5.0,5.0394736842105265,81.61269080795566,215.69192112891696,165.2971842868117,165.2971842868117,3.280048565482425,3.280048565482425,1,67352310
5.0,5.0394736842105265,81.96821822397888,214.73218960572305,164.3374527636178,164.3374527636178,3.261004284604426,3.261004284604426,1,67352310
5.0,5.0394736842105265,82.3237456400021,213.71271857149807,163.3179817293928,163.3179817293928,3.2407745721759404,3.2407745721759404,1,67352310
5.0,5.0394736842105265,82.67927305602532,212.63508356404554,162.24034672194028,162.24034672194028,3.2193906921324964,3.2193906921324964,1,67352310
5.0,5.0394736842105265,83.03480047204854,211.49364760635228,161.09891076424702,161.09891076424702,3.196740788011168,3.196740788011168,1,67352310
5.0,5.0394736842105265,83.39032788807177,210.28531897206216,159.8905821299569,159.8905821299569,3.1727635096283873,3.1727635096283873,1,67352310
5.0,5.0394736842105265,83.74585530409499,209.00987453078505,158.6151376886798,158.6151376886798,3.1474544293315048,3.1474544293315048,1,67352310
5.0,5.0394736842105265,84.10138272011822,207.66245811989063,157.26772127778537,157.26772127778537,3.1207171846244615,3.1207171846244615,1,67352310
5.0,5.0394736842105265,84.45691013614146,206.24225554126244,155.84751869915718,155.84751869915718,3.092535619095547,3.092535619095547,1,67352310
5.0,5.0394736842105265,84.81243755216468,204.74981766476486,154.3550808226596,154.3550808226596,3.0629206638438977,3.0629206638438977,1,67352310
5.0,5.0394736842105265,85.1679649681879,203.18210934229813,152.78737250019287,152.78737250019287,3.031812091387639,3.031812091387639,1,67352310
5.0,5.0394736842105265,85.52349238421112,201.53780567157338,151.14306882946812,151.14306882946812,2.9991836112374872,2.9991836112374872,1,67352310
5.0,5.0394736842105265,85.87901980023435,199.81807547681998,149.42333863471472,149.42333863471472,2.965058416772407,2.965058416772407,1,67352310
5.0,5.0394736842105265,86.23454721625757,198.02052166960738,147.62578482750212,147.62578482750212,2.929388941746778,2.929388941746778,1,67352310
5.0,5.0394736842105265,86.59007463228079,196.142585504843,145.74784866273774,145.74784866273774,2.892124412106545,2.892124412106545,1,67352310
5.0,5.0394736842105265,86.94560204830402,194.1863475625823,143.79161072047705,143.79161072047705,2.8533061135133826,2.8533061135133826,1,67352310
5.0,5.0394736842105265,87.30112946432726,192.14900889303416,141.7542720509289,141.7542720509289,2.8128785054492416,2.8128785054492416,1,67352310
5.0,5.0394736842105265,87.65665688035048,190.0283563896986,139.63361954759333,139.63361954759333,2.7707976724848806,2.7707976724848806,1,67352310
5.0,5.0394736842105265,88.0121842963737,187.8260792593632,137.43134241725795,137.43134241725795,2.727097134128356,2.727097134128356,1,67352310
5.0,5.0394736842105265,88.36771171239693,185.5360600800877,135.14132323798245,135.14132323798245,2.681655500283725,2.681655500283725,1,67352310
5.0,5.0394736842105265,88.72323912842015,183.15952534251963,132.76478850041437,132.76478850041437,2.6344971086244104,2.6344971086244104,1,67352310
5.0,5.0394736842105265,89.07876654444337,180.69404660330008,130.29930976119482,130.29930976119482,2.585573770718226,2.585573770718226,1,67352310
5.0,5.0394736842105265,89.43429396046659,178.13734215501586,127.7426053129106,127.7426053129106,2.5348402098645444,2.5348402098645444,1,67352310
5.0,5.0394736842105265,89.78982137648983,175.49045757135983,125.09572072925457,125.09572072925457,2.482317173739777,2.482317173739777,1,67352310
5.0,5.0394736842105265,90.14534879251306,172.75025271201835,122.35551586991309,122.35551586991309,2.427942351465638,2.427942351465638,1,67352310
5.0,5.0394736842105265,90.50087620853628,169.9183777801852,119.52364093807995,119.52364093807995,2.3717484885885316,2.3717484885885316,1,67352310
5.0,5.0394736842105265,90.8564036245595,166.99293256583314,116.59819572372788,116.59819572372788,2.313697878590945,2.313697878590945,1,67352310
5.0,5.0394736842105265,91.21193104058273,163.97289446702348,113.57815762491822,113.57815762491822,2.253770229632842,2.253770229632842,1,67352310
5.0,5.118421052631579,81.51703680647728,216.75944062415056,165.57523009783478,165.57523009783478,3.234888814250757,3.234888814250757,1,69420923
5.0,5.118421052631579,81.86328302912389,215.84362981807527,164.6594192917595,164.6594192917595,3.2169963666256356,3.2169963666256356,1,69420923
5.0,5.118421052631579,82.20952925177052,214.87280285476237,163.6885923284466,163.6885923284466,3.1980290532035838,3.1980290532035838,1,69420923
5.0,5.118421052631579,82.55577547441715,213.84803886932406,162.66382834300828,162.66382834300828,3.178007957344121,3.178007957344121,1,69420923
5.0,5.118421052631579,82.90202169706377,212.763664777193,161.5794542508772,161.5794542508772,3.1568222424335906,3.1568222424335906,1,69420923
5.0,5.118421052631579,83.2482679197104,211.61745619055105,160.43324566423527,160.43324566423527,3.134428449995342,3.134428449995342,1,69420923
5.0,5.118421052631579,83.59451414235701,210.4089296004907,159.2247190741749,159.2247190741749,3.110817133582852,3.110817133582852,1,69420923
5.0,5.118421052631579,83.94076036500364,209.13095753671323,157.94674701039744,157.94674701039744,3.085849041848382,3.085849041848382,1,69420923
5.0,5.118421052631579,84.28700658765027,207.7862565761072,156.60204604979143,156.60204604979143,3.059577249301838,3.059577249301838,1,69420923
5.0,5.118421052631579,84.63325281029688,206.37224746274245,155.18803693642667,155.18803693642667,3.0319513643106495,3.0319513643106495,1,69420923
5.0,5.118421052631579,84.97949903294351,204.88515180136187,153.7009412750461,153.7009412750461,3.002897567327379,3.002897567327379,1,69420923
5.0,5.118421052631579,85.32574525559014,203.32763918369787,152.1434286573821,152.1434286573821,2.9724680149000102,2.9724680149000102,1,69420923
5.0,5.118421052631579,85.67199147823676,201.69729659377393,150.51308606745815,150.51308606745815,2.940615563271676,2.940615563271676,1,69420923
5.0,5.118421052631579,86.01823770088339,199.99143967902793,148.80722915271215,148.80722915271215,2.907287767508001,2.907287767508001,1,69420923
5.0,5.118421052631579,86.36448392353,198.21235471114227,147.0281441848265,147.0281441848265,2.8725292951277157,2.8725292951277157,1,69420923
5.0,5.118421052631579,86.71073014617662,196.35673702976717,145.1725265034514,145.1725265034514,2.8362755820725725,2.8362755820725725,1,69420923
5.0,5.118421052631579,87.05697636882324,194.42359745032275,143.23938692400696,143.23938692400696,2.7985073023713443,2.7985073023713443,1,69420923
5.0,5.118421052631579,87.40322259146987,192.41466026704634,141.23044974073056,141.23044974073056,2.7592581440348387,2.7592581440348387,1,69420923
5.0,5.118421052631579,87.7494688141165,190.32415537961967,139.1399448533039,139.1399448533039,2.7184153750259887,2.7184153750259887,1,69420923
5.0,5.118421052631579,88.09571503676312,188.1545518826733,136.97034135635752,136.97034135635752,2.676027234725751,2.676027234725751,1,69420923
5.0,5.118421052631579,88.44196125940974,185.9021241012793,134.71791357496352,134.71791357496352,2.632020933598259,2.632020933598259,1,69420923
5.0,5.118421052631579,88.78820748205636,183.56479811977923,132.38058759346345,132.38058759346345,2.5863559529828333,2.5863559529828333,1,69420923
5.0,5.118421052631579,89.13445370470299,181.14287787340697,129.9586673470912,129.9586673470912,2.5390382309457404,2.5390382309457404,1,69420923
5.0,5.118421052631579,89.4806999273496,178.63231530049734,127.44810477418156,127.44810477418156,2.4899886793927504,2.4899886793927504,1,69420923
5.0,5.118421052631579,89.82694614999623,176.03519022948856,124.85097970317278,124.85097970317278,2.439247932504147,2.439247932504147,1,69420923
5.0,5.118421052631579,90.17319237264286,173.34801628019756,122.16380575388177,122.16380575388177,2.3867478759113148,2.3867478759113148,1,69420923
5.0,5.118421052631579,90.51943859528949,170.57213997039608,119.3879294440803,119.3879294440803,2.33251481690234,2.33251481690234,1,69420923
5.0,5.118421052631579,90.86568481793611,167.70698705352598,116.5227765272102,116.5227765272102,2.276537536264261,2.276537536264261,1,69420923
5.0,5.118421052631579,91.21193104058273,164.74986598545158,113.5656554591358,113.5656554591358,2.2187634485589514,2.2187634485589514,1,69420923
5.0,5.197368421052632,81.77512297360255,216.89593015207672,164.9222459415504,164.9222459415504,3.1731875168500836,3.1731875168500836,1,69367823
5.0,5.197368421052632,82.11215183313755,215.96960676608182,163.99592255555552,163.99592255555552,3.155364585879043,3.155364585879043,1,69367823
5.0,5.197368421052632,82.44918069267256,214.9921611110309,163.0184769005046,163.0184769005046,3.1365580365666705,3.1365580365666705,1,69367823
5.0,5.197368421052632,82.78620955220757,213.96009855664002,161.9864143461137,161.9864143461137,3.116700630456871,3.116700630456871,1,69367823
5.0,5.197368421052632,83.12323841174258,212.87004531676234,160.89636110623604,160.89636110623604,3.095727454195934,3.095727454195934,1,69367823
5.0,5.197368421052632,83.46026727127759,211.72174735431537,159.74806314378907,159.74806314378907,3.073633619981764,3.073633619981764,1,69367823
5.0,5.197368421052632,83.79729613081258,210.50871568879055,158.53503147826422,158.53503147826422,3.0502942765438177,3.0502942765438177,1,69367823
5.0,5.197368421052632,84.1343249903476,209.23349816459452,157.2598139540682,157.2598139540682,3.025758445698527,3.025758445698527,1,69367823
5.0,5.197368421052632,84.4713538498826,207.8912581027335,155.9175738922072,155.9175738922072,2.999933067293101,2.999933067293101,1,69367823
5.0,5.197368421052632,84.8083827094176,206.48140081877966,154.50771660825336,154.50771660825336,2.9728066992980393,2.9728066992980393,1,69367823
5.0,5.197368421052632,85.14541156895261,205.0049255404668,153.03124132994049,153.03124132994049,2.94439856736088,2.94439856736088,1,69367823
5.0,5.197368421052632,85.48244042848762,203.45615134717815,151.48246713665185,151.48246713665185,2.914599367692542,2.914599367692542,1,69367823
5.0,5.197368421052632,85.81946928802263,201.83882004912124,149.86513583859494,149.86513583859494,2.883481094616004,2.883481094616004,1,69367823
5.0,5.197368421052632,86.15649814755764,200.1506395244569,148.1769553139306,148.1769553139306,2.8509996465465126,2.8509996465465126,1,69367823
5.0,5.197368421052632,86.49352700709264,198.38889341214178,146.41520920161548,146.41520920161548,2.8171027593222218,2.8171027593222218,1,69367823
5.0,5.197368421052632,86.83055586662763,196.5563325203642,144.5826483098379,144.5826483098379,2.781843359885489,2.781843359885489,1,69367823
5.0,5.197368421052632,87.16758472616264,194.6478424181327,142.6741582076064,142.6741582076064,2.7451230439944525,2.7451230439944525,1,69367823
5.0,5.197368421052632,87.50461358569765,192.66565885938016,140.69197464885383,140.69197464885383,2.706984828686808,2.706984828686808,1,69367823
5.0,5.197368421052632,87.84164244523267,190.60773112617616,138.63404691564983,138.63404691564983,2.667389257111237,2.667389257111237,1,69367823
5.0,5.197368421052632,88.17867130476768,188.47107295863015,136.49738874810384,136.49738874810384,2.626278872115416,2.626278872115416,1,69367823
5.0,5.197368421052632,88.51570016430267,186.25670606566115,134.28302185513485,134.28302185513485,2.5836733318962652,2.5836733318962652,1,69367823
5.0,5.197368421052632,88.85272902383768,183.95889843207186,131.98521422154556,131.98521422154556,2.5394623495791047,2.5394623495791047,1,69367823
5.0,5.197368421052632,89.18975788337269,181.5810265074192,129.6073422968929,129.6073422968929,2.493710889763003,2.493710889763003,1,69367823
5.0,5.197368421052632,89.52678674290769,179.11695720754307,127.14327299701675,127.14327299701675,2.4463009488033602,2.4463009488033602,1,69367823
5.0,5.197368421052632,89.8638156024427,176.57016529114287,124.59648108061656,124.59648108061656,2.397299382816926,2.397299382816926,1,69367823
5.0,5.197368421052632,90.20084446197771,173.93654107830733,121.96285686778101,121.96285686778101,2.346627119481356,2.346627119481356,1,69367823
5.0,5.197368421052632,90.53787332151272,171.21726446499324,119.24358025446692,119.24358025446692,2.294306860592275,2.294306860592275,1,69367823
5.0,5.197368421052632,90.87490218104773,168.41281248333655,116.43912827281024,116.43912827281024,2.2403477844895137,2.2403477844895137,1,69367823
5.0,5.197368421052632,91.21193104058273,165.51905459601443,113.54537038548811,113.54537038548811,2.1846704175435687,2.1846704175435687,1,69367823
5.0,5.276315789473684,82.034515583716,216.99927362282466,164.2361157280878,164.2361157280878,3.1127044377393203,3.1127044377393203,1,67285643
5.0,5.276315789473684,82.36228042146124,216.0637470113042,163.30058911656735,163.30058911656735,3.0949737588177353,3.0949737588177353,1,67285643
5.0,5.276315789473684,82.69004525920649,215.07954714449244,162.3163892497556,162.3163892497556,3.0763205942597067,3.0763205942597067,1,67285643
5.0,5.276315789473684,83.01781009695172,214.03980831624935,161.2766504215125,161.2766504215125,3.0566148209563466,3.0566148209563466,1,67285643
5.0,5.276315789473684,83.34557493469696,212.94693281476026,160.1837749200234,160.1837749200234,3.035901968559047,3.035901968559047,1,67285643
5.0,5.276315789473684,83.6733397724422,211.79278965348203,159.02963175874518,159.02963175874518,3.014027933582203,3.014027933582203,1,67285643
5.0,5.276315789473684,84.00110461018744,210.58091565092542,157.81775775618857,157.81775775618857,2.9910597479975887,2.9910597479975887,1,67285643
5.0,5.276315789473684,84.32886944793268,209.30560817175655,156.5424502770197,156.5424502770197,2.9668893319335403,2.9668893319335403,1,67285643
5.0,5.276315789473684,84.65663428567792,207.96732833009318,155.20417043535633,155.20417043535633,2.941525424709995,2.941525424709995,1,67285643
5.0,5.276315789473684,84.98439912342317,206.5648148780354,153.80165698329856,153.80165698329856,2.9149441223767307,2.9149441223767307,1,67285643
5.0,5.276315789473684,85.31216396116841,205.09472050497834,152.3315626102415,152.3315626102415,2.8870819846330056,2.8870819846330056,1,67285643
5.0,5.276315789473684,85.63992879891364,203.5601347535801,150.79697685884324,150.79697685884324,2.8579975664020165,2.8579975664020165,1,67285643
5.0,5.276315789473684,85.96769363665888,201.95561770240528,149.19245980766843,149.19245980766843,2.8275877669283793,2.8275877669283793,1,67285643
5.0,5.276315789473684,86.29545847440411,200.28421839465452,147.52106049991767,147.52106049991767,2.7959103735645243,2.7959103735645243,1,67285643
5.0,5.276315789473684,86.62322331214936,198.54352929417746,145.7803713994406,145.7803713994406,2.762919757196381,2.762919757196381,1,67285643
5.0,5.276315789473684,86.95098814989461,196.73209731002166,143.9689394152848,143.9689394152848,2.7285883779455475,2.7285883779455475,1,67285643
5.0,5.276315789473684,87.27875298763985,194.85166863902734,142.0885107442905,142.0885107442905,2.692949330814483,2.692949330814483,1,67285643
5.0,5.276315789473684,87.60651782538508,192.89689682283748,140.13373892810063,140.13373892810063,2.6559012864178673,2.6559012864178673,1,67285643
5.0,5.276315789473684,87.93428266313032,190.87213821317593,138.10898031843908,138.10898031843908,2.617526809027773,2.617526809027773,1,67285643
5.0,5.276315789473684,88.26204750087555,188.7694544292643,136.00629653452745,136.00629653452745,2.577675445542166,2.577675445542166,1,67285643
5.0,5.276315789473684,88.5898123386208,186.59352196177258,133.83036406703573,133.83036406703573,2.536435827704418,2.536435827704418,1,67285643
5.0,5.276315789473684,88.91757717636605,184.33671115840122,131.57355326366437,131.57355326366437,2.4936633536255592,2.4936633536255592,1,67285643
5.0,5.276315789473684,89.24534201411129,182.00400201759663,129.24084412285978,129.24084412285978,2.4494524073160457,2.4494524073160457,1,67285643
5.0,5.276315789473684,89.57310685185652,179.58740877808233,126.82425088334548,126.82425088334548,2.403651637689341,2.403651637689341,1,67285643
5.0,5.276315789473684,89.90087168960177,177.09218956307294,124.32903166833609,124.32903166833609,2.3563606999485143,2.3563606999485143,1,67285643
5.0,5.276315789473684,90.228636527347,174.51332511540315,121.7501672206663,121.7501672206663,2.307484466027591,2.307484466027591,1,67285643
5.0,5.276315789473684,90.55640136509224,171.85207916464057,119.08892126990372,119.08892126990372,2.2570468869108935,2.2570468869108935,1,67285643
5.0,5.276315789473684,90.88416620283749,169.10961781768083,116.34645992294398,116.34645992294398,2.205070063377492,2.205070063377492,1,67285643
5.0,5.276315789473684,91.21193104058273,166.2806175550696,113.51745966033275,113.51745966033275,2.1514531007943365,2.1514531007943365,1,67285643
5.0,5.355263157894737,82.29372440165149,217.07123158689478,163.5186000079474,163.5186000079474,3.0534185750869787,3.0534185750869787,1,69762802
5.0,5.355263157894737,82.61223178161332,216.12913413547435,162.57650255652698,162.57650255652698,3.035826583365123,3.035826583365123,1,69762802
5.0,5.355263157894737,82.93073916157515,215.13592861074682,161.58329703179945,161.58329703179945,3.0172802394144367,3.0172802394144367,1,69762802
5.0,5.355263157894737,83.24924654153698,214.09223874778704,160.53960716883967,160.53960716883967,2.997791190376367,2.997791190376367,1,69762802
5.0,5.355263157894737,83.5677539214988,212.99293199635136,159.440300417404,159.440300417404,2.977263595017863,2.977263595017863,1,69762802
5.0,5.355263157894737,83.88626130146064,211.83849514208123,158.28586356313386,158.28586356313386,2.9557065431936542,2.9557065431936542,1,69762802
5.0,5.355263157894737,84.20476868142246,210.62530717989608,157.0726756009487,157.0726756009487,2.9330524190840546,2.9330524190840546,1,69762802
5.0,5.355263157894737,84.5232760613843,209.35261367472546,155.7999820957781,155.7999820957781,2.9092871349580185,2.9092871349580185,1,69762802
5.0,5.355263157894737,84.84178344134612,208.0193130967102,154.46668151776282,154.46668151776282,2.8843901217076104,2.8843901217076104,1,69762802
5.0,5.355263157894737,85.16029082130795,206.62255166467088,153.0699200857235,153.0699200857235,2.858308090052822,2.858308090052822,1,69762802
5.0,5.355263157894737,85.47879820126978,205.16440586927916,151.6117742903318,151.6117742903318,2.8310798147580383,2.8310798147580383,1,69762802
5.0,5.355263157894737,85.79730558123161,203.6395577612963,150.08692618234892,150.08692618234892,2.80260599259423,2.80260599259423,1,69762802
5.0,5.355263157894737,86.11581296119344,202.05257469040865,148.49994311146128,148.49994311146128,2.7729719106808495,2.7729719106808495,1,69762802
5.0,5.355263157894737,86.43432034115528,200.39754894878251,146.84491736983514,146.84491736983514,2.7420672530976584,2.7420672530976584,1,69762802
5.0,5.355263157894737,86.75282772111711,198.67819703437414,145.12556545542677,145.12556545542677,2.709961418823694,2.709961418823694,1,69762802
5.0,5.355263157894737,87.07133510107894,196.89050644122034,143.33787486227297,143.33787486227297,2.676579481457677,2.676579481457677,1,69762802
5.0,5.355263157894737,87.38984248104077,195.03586906968934,141.48323749074197,141.48323749074197,2.6419474322595553,2.6419474322595553,1,69762802
5.0,5.355263157894737,87.7083498610026,193.1120326520618,139.55940107311443,139.55940107311443,2.6060232141416946,2.6060232141416946,1,69762802
5.0,5.355263157894737,88.02685724096443,191.11849573971122,137.56586416076385,137.56586416076385,2.568797463444239,2.568797463444239,1,69762802
5.0,5.355263157894737,88.34536462092626,189.05296615864128,135.5003345796939,135.5003345796939,2.530227377900918,2.530227377900918,1,69762802
5.0,5.355263157894737,88.66387200088809,186.91476801949958,133.3621364405522,133.3621364405522,2.490300336482056,2.490300336482056,1,69762802
5.0,5.355263157894737,88.98237938084992,184.7010253233498,131.14839374440243,131.14839374440243,2.44896263503061,2.44896263503061,1,69762802
5.0,5.355263157894737,89.30088676081175,182.41319583351176,128.8605642545644,128.8605642545644,2.4062414946798265,2.4062414946798265,1,69762802
5.0,5.355263157894737,89.61939414077358,180.04586491628913,126.49323333734176,126.49323333734176,2.362035806790657,2.362035806790657,1,69762802
5.0,5.355263157894737,89.93790152073541,177.60310371996053,124.05047214101316,124.05047214101316,2.3164215928051597,2.3164215928051597,1,69762802
5.0,5.355263157894737,90.25640890069724,175.07978755138546,121.5271559724381,121.5271559724381,2.269303158207689,2.269303158207689,1,69762802
5.0,5.355263157894737,90.57491628065907,172.47758618223753,118.92495460329016,118.92495460329016,2.220711683009841,2.220711683009841,1,69762802
5.0,5.355263157894737,90.8934236606209,169.7975853543577,116.24495377541032,116.24495377541032,2.1706674415064335,2.1706674415064335,1,69762802
5.0,5.355263157894737,91.21193104058273,167.03471176720953,113.48208018826216,113.48208018826216,2.1190756988471557,2.1190756988471557,1,69762802
5.0,5.434210526315789,82.55124028444035,217.1171765471778,162.7750712840199,162.7750712840199,2.995376614427485,2.995376614427485,1,67664737
5.0,5.434210526315789,82.8605506685883,216.16753522852943,161.82542996537154,161.82542996537154,2.977901374665433,2.977901374665433,1,67664737
5.0,5.434210526315789,83.16986105273624,215.16777496391947,160.82566970076158,160.82566970076158,2.9595038492149834,2.9595038492149834,1,67664737
5.0,5.434210526315789,83.47917143688417,214.11893131112657,159.77682604796868,159.77682604796868,2.9402030943451867,2.9402030943451867,1,67664737
5.0,5.434210526315789,83.78848182103212,213.01633069740177,158.67422543424388,158.67422543424388,2.9199131072645366,2.9199131072645366,1,67664737
5.0,5.434210526315789,84.09779220518007,211.86062938584917,157.51852412269128,157.51852412269128,2.89864596448536,2.89864596448536,1,67664737
5.0,5.434210526315789,84.407102589328,210.64770864386728,156.30560338070939,156.30560338070939,2.876325873349616,2.876325873349616,1,67664737
5.0,5.434210526315789,84.71641297347594,209.37884748092125,155.03674221776336,155.03674221776336,2.852976370108963,2.852976370108963,1,67664737
5.0,5.434210526315789,85.02572335762389,208.0496633679683,153.7075581048104,153.7075581048104,2.828516807739853,2.828516807739853,1,67664737
5.0,5.434210526315789,85.33503374177184,206.66267042629602,152.32056516313813,152.32056516313813,2.8029934509439465,2.8029934509439465,1,67664737
5.0,5.434210526315789,85.64434412591977,205.21269364283216,150.87058837967427,150.87058837967427,2.776311069456476,2.776311069456476,1,67664737
5.0,5.434210526315789,85.95365451006771,203.7038972834972,149.36179202033932,149.36179202033932,2.748546293836753,2.748546293836753,1,67664737
5.0,5.434210526315789,86.26296489421566,202.13010848287982,147.78800321972193,147.78800321972193,2.719585531404084,2.719585531404084,1,67664737
5.0,5.434210526315789,86.5722752783636,200.49673899161635,146.15463372845846,146.15463372845846,2.6895283688529887,2.6895283688529887,1,67664737
5.0,5.434210526315789,86.88158566251154,198.7965589095761,144.45445364641822,144.45445364641822,2.658241762016413,2.658241762016413,1,67664737
5.0,5.434210526315789,87.19089604665947,197.03559635225398,142.69349108909609,142.69349108909609,2.625836639896199,2.625836639896199,1,67664737
5.0,5.434210526315789,87.50020643080742,195.20646988662932,140.86436462347143,140.86436462347143,2.592177169826593,2.592177169826593,1,67664737
5.0,5.434210526315789,87.80951681495537,193.31490797881835,138.97280271566046,138.97280271566046,2.557368766680435,2.557368766680435,1,67664737
5.0,5.434210526315789,88.11882719910331,191.35290109751165,137.01079583435376,137.01079583435376,2.5212640395668005,2.5212640395668005,1,67664737
5.0,5.434210526315789,88.42813758325124,189.3250317490753,134.9829264859174,134.9829264859174,2.483947315479352,2.483947315479352,1,67664737
5.0,5.434210526315789,88.73744796739919,187.22490935766314,132.88280409450525,132.88280409450525,2.4453009954436804,2.4453009954436804,1,67664737
5.0,5.434210526315789,89.04675835154714,185.05474682504044,130.71264156188255,130.71264156188255,2.405365801138759,2.405365801138759,1,67664737
5.0,5.434210526315789,89.35606873569508,182.81201748924934,128.46991222609145,128.46991222609145,2.364095237090303,2.364095237090303,1,67664737
5.0,5.434210526315789,89.66537911984301,180.49460089771213,126.15249563455424,126.15249563455424,2.321450282863468,2.321450282863468,1,67664737
5.0,5.434210526315789,89.97468950399096,178.10481187766533,123.76270661450744,123.76270661450744,2.2774735357633333,2.2774735357633333,1,67664737
5.0,5.434210526315789,90.28399988813891,175.63744008271794,121.29533481956005,121.29533481956005,2.2320691153236236,2.2320691153236236,1,67664737
5.0,5.434210526315789,90.59331027228684,173.0948326216077,118.75272735844982,118.75272735844982,2.1852802128915707,2.1852802128915707,1,67664737
5.0,5.434210526315789,90.90262065643478,170.47753063238756,116.13542536922967,116.13542536922967,2.1371167864555582,2.1371167864555582,1,67664737
5.0,5.434210526315789,91.21193104058273,167.78149378529014,113.43938852213225,113.43938852213225,2.087504486121562,2.087504486121562,1,67664737
5.0,5.5131578947368425,82.8100767856827,217.12677598468656,161.99519703731812,161.99519703731812,2.938337702824863,2.938337702824863,1,69248149
5.0,5.5131578947368425,83.11014300907198,216.16880079696938,161.03722184960094,161.03722184960094,2.920961541902069,2.920961541902069,1,69248149
5.0,5.5131578947368425,83.41020923246127,215.16469856051773,160.03311961314932,160.03311961314932,2.9027487089735913,2.9027487089735913,1,69248149
5.0,5.5131578947368425,83.71027545585056,214.11004752479707,158.97846857742866,158.97846857742866,2.8836190004497797,2.8836190004497797,1,69248149
5.0,5.5131578947368425,84.01034167923984,213.00675521476407,157.87517626739566,157.87517626739566,2.863607015828656,2.863607015828656,1,69248149
5.0,5.5131578947368425,84.31040790262912,211.84859786024128,156.71701891287285,156.71701891287285,2.842599865722753,2.842599865722753,1,69248149
5.0,5.5131578947368425,84.61047412601842,210.639502718186,155.50792377081757,155.50792377081757,2.820668784387144,2.820668784387144,1,69248149
5.0,5.5131578947368425,84.91054034940771,209.37222597187994,154.24064702451153,154.24064702451153,2.797682380396868,2.797682380396868,1,69248149
5.0,5.5131578947368425,85.21060657279699,208.05187916200137,152.92030021463296,152.92030021463296,2.773733369048235,2.773733369048235,1,69248149
5.0,5.5131578947368425,85.51067279618627,206.67123589336373,151.53965694599532,151.53965694599532,2.748690674915428,2.748690674915428,1,69248149
5.0,5.5131578947368425,85.81073901957556,205.23550226137064,150.1039233140022,150.1039233140022,2.722648728368536,2.722648728368536,1,69248149
5.0,5.5131578947368425,86.11080524296486,203.73816627292706,148.60658732555862,148.60658732555862,2.695489412110371,2.695489412110371,1,69248149
5.0,5.5131578947368425,86.41087146635414,202.18417644488358,147.05259749751514,147.05259749751514,2.6673024844418016,2.6673024844418016,1,69248149
5.0,5.5131578947368425,86.71093768974342,200.5677379177607,145.43615897039228,145.43615897039228,2.637982835739812,2.637982835739812,1,69248149
5.0,5.5131578947368425,87.01100391313271,198.892956504783,143.76137755741456,143.76137755741456,2.6076049389889038,2.6076049389889038,1,69248149
5.0,5.5131578947368425,87.311070136522,197.15508946809507,142.02351052072663,142.02351052072663,2.5760827683950414,2.5760827683950414,1,69248149
5.0,5.5131578947368425,87.61113635991128,195.3567460184425,140.22516707107405,140.22516707107405,2.543463650931176,2.543463650931176,1,69248149
5.0,5.5131578947368425,87.91120258330056,193.49477728731313,138.3631983399447,138.3631983399447,2.509690471082529,2.509690471082529,1,69248149
5.0,5.5131578947368425,88.21126880668986,191.56862883651377,136.43704988914533,136.43704988914533,2.4747531722136142,2.4747531722136142,1,69248149
5.0,5.5131578947368425,88.51133503007915,189.57787532520584,134.44629637783743,134.44629637783743,2.4386440393116096,2.4386440393116096,1,69248149
5.0,5.5131578947368425,88.81140125346843,187.51823126551292,132.3866523181445,132.3866523181445,2.4012853403768455,2.4012853403768455,1,69248149
5.0,5.5131578947368425,89.11146747685771,185.39275377288092,130.2611748255125,130.2611748255125,2.3627325266680073,2.3627325266680073,1,69248149
5.0,5.5131578947368425,89.411533700247,183.19607360410515,128.0644946567367,128.0644946567367,2.3228882085708804,2.3228882085708804,1,69248149
5.0,5.5131578947368425,89.7115999236363,180.929759514824,125.79818056745559,125.79818056745559,2.281780840841676,2.281780840841676,1,69248149
5.0,5.5131578947368425,90.01166614702558,178.59417032592856,123.46259137856013,123.46259137856013,2.2394169319261503,2.2394169319261503,1,69248149
5.0,5.5131578947368425,90.31173237041486,176.18387254947675,121.05229360210832,121.05229360210832,2.19569792691175,2.19569792691175,1,69248149
5.0,5.5131578947368425,90.61179859380415,173.70220126146592,118.57062231409749,118.57062231409749,2.1506843188237252,2.1506843188237252,1,69248149
5.0,5.5131578947368425,90.91186481719345,171.14900216017685,116.01742321280842,116.01742321280842,2.1043733088719425,2.1043733088719425,1,69248149
5.0,5.5131578947368425,91.21193104058273,168.52111981042552,113.38954086305709,113.38954086305709,2.056707662432539,2.056707662432539,1,69248149
5.0,5.592105263157895,83.07024810239058,217.09792029868856,161.1768676671096,161.1768676671096,2.8822216335765485,2.8822216335765485,1,69760466
5.0,5.592105263157895,83.36102249304031,216.13259865078552,160.2115460192066,160.2115460192066,2.8649594111669887,2.8649594111669887,1,69760466
5.0,5.592105263157895,83.65179688369003,215.12388130618606,159.20282867460713,159.20282867460713,2.8469211715929745,2.8469211715929745,1,69760466
5.0,5.592105263157895,83.94257127433974,214.06558169730425,158.1445290657253,158.1445290657253,2.8279962844694406,2.8279962844694406,1,69760466
5.0,5.592105263157895,84.23334566498946,212.9599090550868,157.03885642350787,157.03885642350787,2.8082242560439057,2.8082242560439057,1,69760466
5.0,5.592105263157895,84.52412005563917,211.80333052029567,155.88227788871671,155.88227788871671,2.787541910480581,2.787541910480581,1,69760466
5.0,5.592105263157895,84.81489444628889,210.59515820440203,154.67410557282307,154.67410557282307,2.7659369467140125,2.7659369467140125,1,69760466
5.0,5.592105263157895,85.1056688369386,209.3350746338761,153.41402200229714,153.41402200229714,2.74340368757049,2.74340368757049,1,69760466
5.0,5.592105263157895,85.39644322758834,208.0199223923906,152.09886976081168,152.09886976081168,2.719885671016868,2.719885671016868,1,69760466
5.0,5.592105263157895,85.68721761823807,206.6522376254161,150.73118499383713,150.73118499383713,2.695428249301558,2.695428249301558,1,69760466
5.0,5.592105263157895,85.97799200888778,205.2265241513106,149.30547151973167,149.30547151973167,2.6699331377646134,2.6699331377646134,1,69760466
5.0,5.592105263157895,86.2687663995375,203.74751459184753,147.8264619602686,147.8264619602686,2.643484966818921,2.643484966818921,1,69760466
5.0,5.592105263157895,86.55954079018721,202.2091512738413,146.28809864226236,146.28809864226236,2.615975411014574,2.615975411014574,1,69760466
5.0,5.592105263157895,86.85031518083693,200.61576675716765,144.6947141255887,144.6947141255887,2.5874819467164096,2.5874819467164096,1,69760466
5.0,5.592105263157895,87.14108957148665,198.96340476473443,143.04235213315548,143.04235213315548,2.557933826381133,2.557933826381133,1,69760466
5.0,5.592105263157895,87.43186396213636,197.25326215305978,141.33220952148082,141.33220952148082,2.527352452619422,2.527352452619422,1,69760466
5.0,5.592105263157895,87.72263835278609,195.48480605803877,139.5637534264598,139.5637534264598,2.4957282965672816,2.4957282965672816,1,69760466
5.0,5.592105263157895,88.01341274343582,193.65477121833246,137.73371858675353,137.73371858675353,2.4630029676690044,2.4630029676690044,1,69760466
5.0,5.592105263157895,88.30418713408554,191.76572498655906,135.8446723549801,135.8446723549801,2.4292223762302325,2.4292223762302325,1,69760466
5.0,5.592105263157895,88.59496152473525,189.81153852871054,133.8904858971316,133.8904858971316,2.394276924278118,2.394276924278118,1,69760466
5.0,5.592105263157895,88.88573591538497,187.79483351949074,131.87378088791178,131.87378088791178,2.3582134935250108,2.3582134935250108,1,69760466
5.0,5.592105263157895,89.17651030603469,185.71438306831976,129.7933304367408,129.7933304367408,2.3210101442805415,2.3210101442805415,1,69760466
5.0,5.592105263157895,89.4672846966844,183.5655045388884,127.64445190730946,127.64445190730946,2.282583139989534,2.282583139989534,1,69760466
5.0,5.592105263157895,89.75805908733412,181.35149323103792,125.43044059945898,125.43044059945898,2.242991408366796,2.242991408366796,1,69760466
5.0,5.592105263157895,90.04883347798385,179.0709604878884,123.14990785630947,123.14990785630947,2.202210116959887,2.202210116959887,1,69760466
5.0,5.592105263157895,90.33960786863358,176.71924416036566,120.79819152878672,120.79819152878672,2.160155895573598,2.160155895573598,1,69760466
5.0,5.592105263157895,90.6303822592833,174.29984125528702,118.37878862370808,118.37878862370808,2.116891278918074,2.116891278918074,1,69760466
5.0,5.592105263157895,90.92115664993301,171.81213091344398,115.89107828186503,115.89107828186503,2.072405164569822,2.072405164569822,1,69760466
5.0,5.592105263157895,91.21193104058273,169.25374069920332,113.33268806762437,113.33268806762437,2.026655127797518,2.026655127797518,1,69760466
5.0,5.671052631578948,83.32872175161448,217.03842095608618,160.3278946402967,160.3278946402967,2.827127608506392,2.827127608506392,1,67452622
5.0,5.671052631578948,83.6102649405062,216.06727060525705,159.35674428946757,159.35674428946757,2.8100029155451356,2.8100029155451356,1,67452622
5.0,5.671052631578948,83.89180812939793,215.05352902349577,158.3430027077063,158.3430027077063,2.7921271939177905,2.7921271939177905,1,67452622
5.0,5.671052631578948,84.17335131828966,213.994242659202,157.28371634341252,157.28371634341252,2.773448362436044,2.773448362436044,1,67452622
5.0,5.671052631578948,84.45489450718138,212.88686112747308,156.1763348116836,156.1763348116836,2.753921449115534,2.753921449115534,1,67452622
5.0,5.671052631578948,84.7364376960731,211.73346706085502,155.02294074506554,155.02294074506554,2.733583177871225,2.733583177871225,1,67452622
5.0,5.671052631578948,85.01798088496481,210.5278759443395,153.81734962855003,153.81734962855003,2.712324494610163,2.712324494610163,1,67452622
5.0,5.671052631578948,85.29952407385653,209.27391296198792,152.56338664619844,152.56338664619844,2.6902128503738005,2.6902128503738005,1,67452622
5.0,5.671052631578948,85.58106726274826,207.9680533701465,151.257527054357,151.257527054357,2.6671860919097754,2.6671860919097754,1,67452622
5.0,5.671052631578948,85.86261045164,206.60993339944736,149.89940708365788,149.89940708365788,2.6432378047234333,2.6432378047234333,1,67452622
5.0,5.671052631578948,86.14415364053171,205.20059989176673,148.49007357597725,148.49007357597725,2.6183864482074872,2.6183864482074872,1,67452622
5.0,5.671052631578948,86.42569682942343,203.73543662604393,147.02491031025446,147.02491031025446,2.5925506226402173,2.5925506226402173,1,67452622
5.0,5.671052631578948,86.70724001831516,202.21871882453922,145.50819250874974,145.50819250874974,2.565805714771457,2.565805714771457,1,67452622
5.0,5.671052631578948,86.98878320720688,200.64587957283982,143.93535325705034,143.93535325705034,2.538071194323857,2.538071194323857,1,67452622
5.0,5.671052631578948,87.2703263960986,199.0188710307604,142.30834471497093,142.30834471497093,2.50938148453313,2.50938148453313,1,67452622
5.0,5.671052631578948,87.55186958499033,197.3374274971583,140.62690118136882,140.62690118136882,2.4797319001819096,2.4797319001819096,1,67452622
5.0,5.671052631578948,87.83341277388205,195.5977509570497,138.88722464126022,138.88722464126022,2.449055469312245,2.449055469312245,1,67452622
5.0,5.671052631578948,88.11495596277376,193.80285833392958,137.0923320181401,137.0923320181401,2.417405390575092,2.417405390575092,1,67452622
5.0,5.671052631578948,88.3964991516655,191.9485010992043,135.2379747834148,135.2379747834148,2.3847067479210033,2.3847067479210033,1,67452622
5.0,5.671052631578948,88.67804234055723,190.0342114867907,133.32368517100122,133.32368517100122,2.3509512930385363,2.3509512930385363,1,67452622
5.0,5.671052631578948,88.95958552944894,188.06098552601557,131.3504592102261,131.3504592102261,2.316156589321852,2.316156589321852,1,67452622
5.0,5.671052631578948,89.24112871834066,186.02450246922794,129.31397615343846,129.31397615343846,2.280246447253207,2.280246447253207,1,67452622
5.0,5.671052631578948,89.5226719072324,183.92538377962973,127.21485746384025,127.21485746384025,2.2432318253484587,2.2432318253484587,1,67452622
5.0,5.671052631578948,89.80421509612411,181.76417733130015,125.05365101551067,125.05365101551067,2.2051223844962435,2.2051223844962435,1,67452622
5.0,5.671052631578948,90.08575828501583,179.5385842479794,122.82805793218992,122.82805793218992,2.165877587667386,2.165877587667386,1,67452622
5.0,5.671052631578948,90.36730147390756,177.24640755445526,120.53588123866578,120.53588123866578,2.1254586946957303,2.1254586946957303,1,67452622
5.0,5.671052631578948,90.64884466279928,174.88974414173526,118.17921782594578,118.17921782594578,2.0839026809215495,2.0839026809215495,1,67452622
5.0,5.671052631578948,90.930387851691,172.46799098170115,115.75746466591167,115.75746466591167,2.0411989129023866,2.0411989129023866,1,67452622
5.0,5.671052631578948,91.21193104058273,169.97947158052435,113.26894526473487,113.26894526473487,1.9973178283340718,1.9973178283340718,1,67452622
5.0,5.75,83.58701160866038,216.94171220458009,159.44171220458009,159.44171220458009,2.7728993426883495,2.7728993426883495,1,69112174
5.0,5.75,83.85933015980046,215.96668576240702,158.46668576240702,158.46668576240702,2.7559423610853395,2.7559423610853395,1,69112174
5.0,5.75,84.13164871094054,214.9492120833901,157.4492120833901,157.4492120833901,2.738247166667654,2.738247166667654,1,69112174
5.0,5.75,84.40396726208063,213.88967579533323,156.38967579533323,156.38967579533323,2.719820448614491,2.719820448614491,1,69112174
5.0,5.75,84.67628581322072,212.78236661447374,155.28236661447374,155.28236661447374,2.700562897643022,2.700562897643022,1,69112174
5.0,5.75,84.94860436436079,211.63048928944696,154.13048928944696,154.13048928944696,2.680530248512121,2.680530248512121,1,69112174
5.0,5.75,85.22092291550088,210.43198370593683,152.93198370593683,152.93198370593683,2.6596866731467275,2.6596866731467275,1,69112174
5.0,5.75,85.49324146664097,209.18386289760923,151.68386289760923,151.68386289760923,2.6379802243062476,2.6379802243062476,1,69112174
5.0,5.75,85.76556001778104,207.88893782094297,150.38893782094297,150.38893782094297,2.6154597881903126,2.6154597881903126,1,69112174
5.0,5.75,86.03787856892113,206.54307421550033,149.04307421550033,149.04307421550033,2.592053464617397,2.592053464617397,1,69112174
5.0,5.75,86.31019712006122,205.14737447760575,147.64737447760575,147.64737447760575,2.5677804256974914,2.5677804256974914,1,69112174
5.0,5.75,86.58251567120129,203.7027513932241,146.2027513932241,146.2027513932241,2.542656545969115,2.542656545969115,1,69112174
5.0,5.75,86.85483422234138,202.20395627396363,144.70395627396363,144.70395627396363,2.5165905438950196,2.5165905438950196,1,69112174
5.0,5.75,87.12715277348147,200.65544617978946,143.15544617978946,143.15544617978946,2.489659933561556,2.489659933561556,1,69112174
5.0,5.75,87.39947132462154,199.05505985960127,141.55505985960127,141.55505985960127,2.4618271279930655,2.4618271279930655,1,69112174
5.0,5.75,87.67178987576163,197.40055896370637,139.90055896370637,139.90055896370637,2.4330531993688065,2.4330531993688065,1,69112174
5.0,5.75,87.94410842690172,195.69440487438723,138.19440487438723,138.19440487438723,2.403380954337169,2.403380954337169,1,69112174
5.0,5.75,88.2164269780418,193.9331905438146,136.4331905438146,136.4331905438146,2.3727511398924275,2.3727511398924275,1,69112174
5.0,5.75,88.48874552918188,192.1155236044876,134.6155236044876,134.6155236044876,2.3411395409476103,2.3411395409476103,1,69112174
5.0,5.75,88.76106408032197,190.24278609996324,132.74278609996324,132.74278609996324,2.308570193042839,2.308570193042839,1,69112174
5.0,5.75,89.03338263146206,188.31242059289758,130.81242059289758,130.81242059289758,2.2749986190069142,2.2749986190069142,1,69112174
5.0,5.75,89.30570118260215,186.3220168121606,128.8220168121606,128.8220168121606,2.240382901081054,2.240382901081054,1,69112174
5.0,5.75,89.57801973374222,184.27350375331105,126.77350375331105,126.77350375331105,2.204756587014105,2.204756587014105,1,69112174
5.0,5.75,89.8503382848823,182.16594765988376,124.66594765988376,124.66594765988376,2.168103437563196,2.168103437563196,1,69112174
5.0,5.75,90.12265683602239,179.9960039724106,122.49600397241059,122.49600397241059,2.1303652864767058,2.1303652864767058,1,69112174
5.0,5.75,90.39497538716248,177.76422702742866,120.26422702742866,120.26422702742866,2.0915517743900636,2.0915517743900636,1,69112174
5.0,5.75,90.66729393830256,175.4711703351673,117.9711703351673,117.9711703351673,2.051672527568127,2.051672527568127,1,69112174
5.0,5.75,90.93961248944265,173.11625432106916,115.61625432106916,115.61625432106916,2.010717466453377,2.010717466453377,1,69112174
5.0,5.75,91.21193104058273,170.6984121060275,113.19841210602749,113.19841210602749,1.968668036626565,1.968668036626565,1,69112174
